UNITS=MM
#Layer_Color=16711935
#
#Feature symbol names
#
$0 r99.9998
$1 r9.99998
$2 r49.9999
$3 r19.99996

#
#Feature attribute names
#

#
#Layer features
#
A -1.00000054 20.00000064 -1.00000054 20.00000064 -2.00000108 20.00000064 0 P 0 N
A -3.99999962 6.0000007 -3.99999962 6.0000007 -5.00000016 6.0000007 0 P 0 N
A -3.99999962 8.99999978 -3.99999962 8.99999978 -5.00000016 8.99999978 0 P 0 N
A -3.99999962 11.99999886 -3.99999962 11.99999886 -5.00000016 11.99999886 0 P 0 N
A -3.99999962 20.00000064 -3.99999962 20.00000064 -5.00000016 20.00000064 0 P 0 N
A -6.9999987 12.9999994 -6.9999987 12.9999994 -7.99999924 12.9999994 0 P 0 N
A -6.9999987 16.00000102 -6.9999987 16.00000102 -7.99999924 16.00000102 0 P 0 N
A -6.9999987 20.00000064 -6.9999987 20.00000064 -7.99999924 20.00000064 0 P 0 N
A -8.99999978 6.0000007 -8.99999978 6.0000007 -10.00000032 6.0000007 0 P 0 N
A -10.00000032 16.00000102 -10.00000032 16.00000102 -11.00000086 16.00000102 0 P 0 N
A -10.00000032 20.00000064 -10.00000032 20.00000064 -11.00000086 20.00000064 0 P 0 N
A 2.00000108 5.00000016 2.00000108 5.00000016 1.00000054 5.00000016 0 P 0 N
A 4.50000116 5.00000016 4.50000116 5.00000016 3.50000062 5.00000016 0 P 0 N
A 5.00000016 20.00000064 5.00000016 20.00000064 3.99999962 20.00000064 0 P 0 N
A 7.00000124 5.00000016 7.00000124 5.00000016 6.0000007 5.00000016 0 P 0 N
A 7.00000124 11.99999886 7.00000124 11.99999886 6.0000007 11.99999886 0 P 0 N
A 9.50000132 5.00000016 9.50000132 5.00000016 8.50000078 5.00000016 0 P 0 N
A 11.00000086 24.00000026 11.00000086 24.00000026 10.00000032 24.00000026 0 P 0 N
A 11.00000086 27.99999988 11.00000086 27.99999988 10.00000032 27.99999988 0 P 0 N
A 12.0000014 5.00000016 12.0000014 5.00000016 11.00000086 5.00000016 0 P 0 N
L -14.80000088 23.19500314 -14.80000088 36.39500214 0 P 0
L -14.80000088 23.19500314 0.7999984 23.19500314 0 P 0
L -14.80000088 36.39500214 0.7999984 36.39500214 0 P 0
L 0.7999984 23.19500314 0.7999984 36.39500214 0 P 0
L 1.74999904 27.12500036 1.74999904 27.8750014 1 P 0
L 1.74999904 27.12500036 3.25000112 27.12500036 1 P 0
L 1.74999904 27.8750014 3.25000112 27.8750014 1 P 0
L 1.74999904 27.92312424 1.74999904 28.67312528 3 P 0
L 1.74999904 27.92312424 3.25000112 27.92312424 3 P 0
L 1.74999904 28.67312528 3.25000112 28.67312528 3 P 0
L 1.74999904 28.7112456 1.74999904 29.46124664 1 P 0
L 1.74999904 28.7112456 3.25000112 28.7112456 1 P 0
L 1.74999904 29.46124664 3.25000112 29.46124664 1 P 0
L 1.74999904 29.50936948 1.74999904 30.25937052 3 P 0
L 1.74999904 29.50936948 3.25000112 29.50936948 3 P 0
L 1.74999904 30.25937052 3.25000112 30.25937052 3 P 0
L 1.74999904 30.29749084 1.74999904 31.04749188 1 P 0
L 1.74999904 30.29749084 3.25000112 30.29749084 1 P 0
L 1.74999904 31.04749188 3.25000112 31.04749188 1 P 0
L 1.74999904 31.09561472 1.74999904 31.84561576 3 P 0
L 1.74999904 31.09561472 3.25000112 31.09561472 3 P 0
L 1.74999904 31.84561576 3.25000112 31.84561576 3 P 0
L 1.74999904 31.88873734 1.74999904 32.63873838 3 P 0
L 1.74999904 31.88873734 3.25000112 31.88873734 3 P 0
L 1.74999904 32.63873838 3.25000112 32.63873838 3 P 0
L 1.74999904 32.6768587 1.74999904 33.42685974 1 P 0
L 1.74999904 32.6768587 3.25000112 32.6768587 1 P 0
L 1.74999904 33.42685974 3.25000112 33.42685974 1 P 0
L 1.74999904 33.47498258 1.74999904 34.22498362 3 P 0
L 1.74999904 33.47498258 3.25000112 33.47498258 3 P 0
L 1.74999904 34.22498362 3.25000112 34.22498362 3 P 0
L 2.25000058 27.50000088 2.74999958 27.50000088 1 P 0
L 2.25000058 28.29812476 2.74999958 28.29812476 3 P 0
L 2.25000058 29.08624612 2.74999958 29.08624612 1 P 0
L 2.25000058 29.88437 2.74999958 29.88437 3 P 0
L 2.25000058 30.67249136 2.74999958 30.67249136 1 P 0
L 2.25000058 31.47061524 2.74999958 31.47061524 3 P 0
L 2.25000058 32.26373786 2.74999958 32.26373786 3 P 0
L 2.25000058 33.05185922 2.74999958 33.05185922 1 P 0
L 2.25000058 33.8499831 2.74999958 33.8499831 3 P 0
L 2.50000008 27.25000138 2.50000008 27.75000038 1 P 0
L 2.50000008 28.04812526 2.50000008 28.54812426 3 P 0
L 2.50000008 28.83624662 2.50000008 29.33624562 1 P 0
L 2.50000008 29.6343705 2.50000008 30.1343695 3 P 0
L 2.50000008 30.42249186 2.50000008 30.92249086 1 P 0
L 2.50000008 31.22061574 2.50000008 31.72061474 3 P 0
L 2.50000008 32.01373836 2.50000008 32.51373736 3 P 0
L 2.50000008 32.80185972 2.50000008 33.30185872 1 P 0
L 2.50000008 33.5999836 2.50000008 34.0999826 3 P 0
L 3.25000112 27.12500036 3.25000112 27.8750014 1 P 0
L 3.25000112 27.92312424 3.25000112 28.67312528 3 P 0
L 3.25000112 28.7112456 3.25000112 29.46124664 1 P 0
L 3.25000112 29.50936948 3.25000112 30.25937052 3 P 0
L 3.25000112 30.29749084 3.25000112 31.04749188 1 P 0
L 3.25000112 31.09561472 3.25000112 31.84561576 3 P 0
L 3.25000112 31.88873734 3.25000112 32.63873838 3 P 0
L 3.25000112 32.6768587 3.25000112 33.42685974 1 P 0
L 3.25000112 33.47498258 3.25000112 34.22498362 3 P 0
L 4.34999892 35.69200126 4.34999892 40.30799914 2 P 0
L 4.34999892 35.69200126 6.6499994 35.69200126 2 P 0
L 4.34999892 40.30799914 6.6499994 40.30799914 2 P 0
L 5.77499734 40.24999824 5.77499734 41.75000032 3 P 0
L 5.77499734 40.24999824 6.52499838 40.24999824 3 P 0
L 5.77499734 41.75000032 6.52499838 41.75000032 3 P 0
L 5.89999836 40.99999928 6.39999736 40.99999928 3 P 0
L 6.14999786 40.74999978 6.14999786 41.24999878 3 P 0
L 6.52499838 40.24999824 6.52499838 41.75000032 3 P 0
L 6.6499994 35.69200126 6.6499994 40.30799914 2 P 0
L 6.87500022 37.6675015 6.87500022 40.16750158 1 P 0
L 6.87500022 37.6675015 8.12500026 37.6675015 1 P 0
L 6.87500022 40.16750158 8.12500026 40.16750158 1 P 0
L 7.25000074 38.91750154 7.74999974 38.91750154 1 P 0
L 7.50000024 38.66750204 7.50000024 39.16750104 1 P 0
L 8.12500026 37.6675015 8.12500026 40.16750158 1 P 0
L 8.87499876 37.6675015 8.87499876 40.16750158 1 P 0
L 8.87499876 37.6675015 10.1249988 37.6675015 1 P 0
L 8.87499876 40.16750158 10.1249988 40.16750158 1 P 0
L 9.24999928 38.91750154 9.74999828 38.91750154 1 P 0
L 9.49999878 38.66750204 9.49999878 39.16750104 1 P 0
L 10.1249988 37.6675015 10.1249988 40.16750158 1 P 0
L 10.34999962 35.69200126 10.34999962 40.30799914 2 P 0
L 10.34999962 35.69200126 12.6500001 35.69200126 2 P 0
L 10.34999962 40.30799914 12.6500001 40.30799914 2 P 0
L 11.77499804 40.24999824 11.77499804 41.75000032 3 P 0
L 11.77499804 40.24999824 12.52499908 40.24999824 3 P 0
L 11.77499804 41.75000032 12.52499908 41.75000032 3 P 0
L 11.89999906 40.99999928 12.39999806 40.99999928 3 P 0
L 12.14999856 40.74999978 12.14999856 41.24999878 3 P 0
L 12.52499908 40.24999824 12.52499908 41.75000032 3 P 0
L 12.6500001 35.69200126 12.6500001 40.30799914 2 P 0
