UNITS=MM
#Layer_Color=8388736
#
#Feature symbol names
#
$0 r9.99998
$1 r19.99996
$2 r49.9999

#
#Feature attribute names
#

#
#Layer features
#
L -0.22501352 4.42999876 -0.22501352 5.93000084 1 P 0
L -0.2499995 47.625 -0.2499995 48.37500104 0 P 0
L -0.97501456 4.42999876 -0.22501352 4.42999876 1 P 0
L -0.97501456 4.42999876 -0.97501456 5.93000084 1 P 0
L -0.97501456 5.93000084 -0.22501352 5.93000084 1 P 0
L -1.02501192 4.42999876 -1.02501192 5.93000084 1 P 0
L -1.75000158 47.625 -0.2499995 47.625 0 P 0
L -1.75000158 47.625 -1.75000158 48.37500104 0 P 0
L -1.75000158 48.37500104 -0.2499995 48.37500104 0 P 0
L -1.77501296 4.42999876 -1.02501192 4.42999876 1 P 0
L -1.77501296 4.42999876 -1.77501296 5.93000084 1 P 0
L -1.77501296 5.93000084 -1.02501192 5.93000084 1 P 0
L -2.12499956 47.67999862 -2.12499956 49.1800007 1 P 0
L -2.8750006 47.67999862 -2.12499956 47.67999862 1 P 0
L -2.8750006 47.67999862 -2.8750006 49.1800007 1 P 0
L -2.8750006 49.1800007 -2.12499956 49.1800007 1 P 0
L -3.1250001 47.67999862 -3.1250001 49.1800007 1 P 0
L -3.74999504 7.20000084 -3.74999504 7.95000188 0 P 0
L -3.74999758 10.44999942 -3.74999758 11.20000046 0 P 0
L -3.74999758 11.2624997 -3.74999758 12.01250074 0 P 0
L -3.74999758 12.07499998 -3.74999758 12.82500102 0 P 0
L -3.74999758 12.88750026 -3.74999758 13.6375013 0 P 0
L -3.74999758 13.70000054 -3.74999758 14.45000158 1 P 0
L -3.87500114 47.67999862 -3.1250001 47.67999862 1 P 0
L -3.87500114 47.67999862 -3.87500114 49.1800007 1 P 0
L -3.87500114 49.1800007 -3.1250001 49.1800007 1 P 0
L -3.99999962 6.4999997 -3.99999962 14.49999894 0 P 0
L -3.99999962 6.4999997 3.99999962 6.4999997 0 P 0
L -3.99999962 14.49999894 3.99999962 14.49999894 0 P 0
L -4.99999762 45.99999944 -4.99999762 50.0000016 2 P 0
L -5.24999712 7.20000084 -3.74999504 7.20000084 0 P 0
L -5.24999712 7.20000084 -5.24999712 7.95000188 0 P 0
L -5.24999712 7.95000188 -3.74999504 7.95000188 0 P 0
L -5.24999966 10.44999942 -3.74999758 10.44999942 0 P 0
L -5.24999966 10.44999942 -5.24999966 11.20000046 0 P 0
L -5.24999966 11.20000046 -3.74999758 11.20000046 0 P 0
L -5.24999966 11.2624997 -3.74999758 11.2624997 0 P 0
L -5.24999966 11.2624997 -5.24999966 12.01250074 0 P 0
L -5.24999966 12.01250074 -3.74999758 12.01250074 0 P 0
L -5.24999966 12.07499998 -3.74999758 12.07499998 0 P 0
L -5.24999966 12.07499998 -5.24999966 12.82500102 0 P 0
L -5.24999966 12.82500102 -3.74999758 12.82500102 0 P 0
L -5.24999966 12.88750026 -3.74999758 12.88750026 0 P 0
L -5.24999966 12.88750026 -5.24999966 13.6375013 0 P 0
L -5.24999966 13.6375013 -3.74999758 13.6375013 0 P 0
L -5.24999966 13.70000054 -3.74999758 13.70000054 1 P 0
L -5.24999966 13.70000054 -5.24999966 14.45000158 1 P 0
L -5.24999966 14.45000158 -3.74999758 14.45000158 1 P 0
L -6.22501422 4.42999876 -6.22501422 5.93000084 1 P 0
L -6.62500072 6.7499992 -6.62500072 8.25000128 1 P 0
L -6.62500072 8.24999874 -6.62500072 9.75000082 0 P 0
L -6.849999 11.30000026 -6.849999 14.69999854 2 P 0
L -6.97501526 4.42999876 -6.22501422 4.42999876 1 P 0
L -6.97501526 4.42999876 -6.97501526 5.93000084 1 P 0
L -6.97501526 5.93000084 -6.22501422 5.93000084 1 P 0
L -7.2499982 4.37500014 -7.2499982 5.12500118 1 P 0
L -7.25000074 5.37500068 -7.25000074 6.62500072 0 P 0
L -7.37500176 6.7499992 -6.62500072 6.7499992 1 P 0
L -7.37500176 6.7499992 -7.37500176 8.25000128 1 P 0
L -7.37500176 8.24999874 -6.62500072 8.24999874 0 P 0
L -7.37500176 8.24999874 -7.37500176 9.75000082 0 P 0
L -7.37500176 8.25000128 -6.62500072 8.25000128 1 P 0
L -7.37500176 9.75000082 -6.62500072 9.75000082 0 P 0
L -8.20000138 6.70000184 -8.20000138 10.29999972 0 P 0
L -8.65000048 11.30000026 -6.849999 11.30000026 2 P 0
L -8.65000048 11.30000026 -8.65000048 14.69999854 2 P 0
L -8.65000048 14.69999854 -6.849999 14.69999854 2 P 0
L -8.75000028 4.37500014 -7.2499982 4.37500014 1 P 0
L -8.75000028 4.37500014 -8.75000028 5.12500118 1 P 0
L -8.75000028 5.12500118 -7.2499982 5.12500118 1 P 0
L -8.99999724 45.99999944 -4.99999762 45.99999944 2 P 0
L -8.99999724 45.99999944 -8.99999724 50.0000016 2 P 0
L -8.99999724 50.0000016 -4.99999762 50.0000016 2 P 0
L -9.66500734 15.12499896 -9.66500734 15.875 1 P 0
L -9.70500726 10.99999832 -9.70500726 15.00000048 0 P 0
L -9.75000082 5.37500068 -7.25000074 5.37500068 0 P 0
L -9.75000082 5.37500068 -9.75000082 6.62500072 0 P 0
L -9.75000082 6.62500072 -7.25000074 6.62500072 0 P 0
L -10.24999982 5.37500068 -10.24999982 6.62500072 0 P 0
L -11.16500942 15.12499896 -9.66500734 15.12499896 1 P 0
L -11.16500942 15.12499896 -11.16500942 15.875 1 P 0
L -11.16500942 15.875 -9.66500734 15.875 1 P 0
L -11.79999926 6.70000184 -8.20000138 6.70000184 0 P 0
L -11.79999926 6.70000184 -11.79999926 10.29999972 0 P 0
L -11.79999926 10.29999972 -8.20000138 10.29999972 0 P 0
L -11.84500298 15.12499896 -11.84500298 15.875 1 P 0
L -11.87499784 8.24999874 -11.87499784 9.75000082 0 P 0
L -11.87500038 6.7499992 -11.87500038 8.25000128 1 P 0
L -12.62499888 8.24999874 -11.87499784 8.24999874 0 P 0
L -12.62499888 8.24999874 -12.62499888 9.75000082 0 P 0
L -12.62499888 9.75000082 -11.87499784 9.75000082 0 P 0
L -12.62500142 6.7499992 -11.87500038 6.7499992 1 P 0
L -12.62500142 6.7499992 -12.62500142 8.25000128 1 P 0
L -12.62500142 8.25000128 -11.87500038 8.25000128 1 P 0
L -12.62500142 8.25000128 -12.62500142 9.75000336 0 P 0
L -12.7499999 5.37500068 -10.24999982 5.37500068 0 P 0
L -12.7499999 5.37500068 -12.7499999 6.62500072 0 P 0
L -12.7499999 6.62500072 -10.24999982 6.62500072 0 P 0
L -13.30500514 10.99999832 -9.70500726 10.99999832 0 P 0
L -13.30500514 10.99999832 -13.30500514 15.00000048 0 P 0
L -13.30500514 15.00000048 -9.70500726 15.00000048 0 P 0
L -13.34500506 15.12499896 -11.84500298 15.12499896 1 P 0
L -13.34500506 15.12499896 -13.34500506 15.875 1 P 0
L -13.34500506 15.875 -11.84500298 15.875 1 P 0
L -13.37500246 8.25000128 -12.62500142 8.25000128 0 P 0
L -13.37500246 8.25000128 -13.37500246 9.75000336 0 P 0
L -13.37500246 9.75000336 -12.62500142 9.75000336 0 P 0
L 0.12499848 47.67999862 0.12499848 49.1800007 1 P 0
L 0.12499848 47.67999862 0.87499952 47.67999862 1 P 0
L 0.12499848 49.1800007 0.87499952 49.1800007 1 P 0
L 0.87499952 47.67999862 0.87499952 49.1800007 1 P 0
L 1.02498398 4.42999876 1.02498398 5.93000084 1 P 0
L 1.02498398 4.42999876 1.77498502 4.42999876 1 P 0
L 1.02498398 5.93000084 1.77498502 5.93000084 1 P 0
L 1.12499902 47.67999862 1.12499902 49.1800007 1 P 0
L 1.12499902 47.67999862 1.87500006 47.67999862 1 P 0
L 1.12499902 49.1800007 1.87500006 49.1800007 1 P 0
L 1.77498502 4.42999876 1.77498502 5.93000084 1 P 0
L 1.82498238 4.42999876 1.82498238 5.93000084 1 P 0
L 1.82498238 4.42999876 2.57498342 4.42999876 1 P 0
L 1.82498238 5.93000084 2.57498342 5.93000084 1 P 0
L 1.87500006 47.67999862 1.87500006 49.1800007 1 P 0
L 2.57498342 4.42999876 2.57498342 5.93000084 1 P 0
L 2.62498332 4.42999876 2.62498332 5.93000084 1 P 0
L 2.62498332 4.42999876 3.37498436 4.42999876 1 P 0
L 2.62498332 5.93000084 3.37498436 5.93000084 1 P 0
L 3.37498436 4.42999876 3.37498436 5.93000084 1 P 0
L 3.6950015 7.90499816 3.6950015 9.40500024 1 P 0
L 3.6950015 7.90499816 4.44500254 7.90499816 1 P 0
L 3.6950015 9.40500024 4.44500254 9.40500024 1 P 0
L 3.75000012 9.69999838 3.75000012 10.44999942 1 P 0
L 3.75000012 9.69999838 5.2500022 9.69999838 1 P 0
L 3.75000012 10.44999942 3.75000012 11.20000046 1 P 0
L 3.75000012 10.44999942 5.2500022 10.44999942 1 P 0
L 3.75000012 10.44999942 5.2500022 10.44999942 1 P 0
L 3.75000012 11.20000046 5.2500022 11.20000046 1 P 0
L 3.75000012 11.2624997 3.75000012 12.01250074 1 P 0
L 3.75000012 11.2624997 5.2500022 11.2624997 1 P 0
L 3.75000012 12.01250074 5.2500022 12.01250074 1 P 0
L 3.75000012 12.07499998 3.75000012 12.82500102 1 P 0
L 3.75000012 12.07499998 5.2500022 12.07499998 1 P 0
L 3.75000012 12.82500102 5.2500022 12.82500102 1 P 0
L 3.75000012 12.88750026 3.75000012 13.6375013 0 P 0
L 3.75000012 12.88750026 5.2500022 12.88750026 0 P 0
L 3.75000012 13.6375013 5.2500022 13.6375013 0 P 0
L 3.99999962 6.4999997 3.99999962 14.49999894 0 P 0
L 4.44500254 7.90499816 4.44500254 9.40500024 1 P 0
L 4.74999812 5.51100244 4.74999812 6.26100348 0 P 0
L 4.74999812 5.51100244 6.2500002 5.51100244 0 P 0
L 4.74999812 6.26100094 4.74999812 7.01100198 1 P 0
L 4.74999812 6.26100094 6.2500002 6.26100094 1 P 0
L 4.74999812 6.26100348 6.2500002 6.26100348 0 P 0
L 4.74999812 7.01100198 4.74999812 7.76100302 0 P 0
L 4.74999812 7.01100198 6.2500002 7.01100198 0 P 0
L 4.74999812 7.01100198 6.2500002 7.01100198 1 P 0
L 4.74999812 7.76100302 6.2500002 7.76100302 0 P 0
L 4.90000036 7.8860015 4.90000036 9.38600358 0 P 0
L 4.90000036 7.8860015 6.1000005 7.8860015 0 P 0
L 4.90000036 9.38600358 6.1000005 9.38600358 0 P 0
L 5.2500022 9.69999838 5.2500022 10.44999942 1 P 0
L 5.2500022 10.44999942 5.2500022 11.20000046 1 P 0
L 5.2500022 11.2624997 5.2500022 12.01250074 1 P 0
L 5.2500022 12.07499998 5.2500022 12.82500102 1 P 0
L 5.2500022 12.88750026 5.2500022 13.6375013 0 P 0
L 6.1000005 7.8860015 6.1000005 9.38600358 0 P 0
L 6.2500002 5.51100244 6.2500002 6.26100348 0 P 0
L 6.2500002 6.26100094 6.2500002 7.01100198 1 P 0
L 6.2500002 7.01100198 6.2500002 7.76100302 0 P 0
L 6.7499992 5.51100244 6.7499992 6.26100348 0 P 0
L 6.7499992 5.51100244 8.25000128 5.51100244 0 P 0
L 6.7499992 6.26100094 6.7499992 7.01100198 1 P 0
L 6.7499992 6.26100094 8.25000128 6.26100094 1 P 0
L 6.7499992 6.26100348 8.25000128 6.26100348 0 P 0
L 6.7499992 7.01100198 6.7499992 7.76100302 0 P 0
L 6.7499992 7.01100198 8.25000128 7.01100198 1 P 0
L 6.7499992 7.01100198 8.25000128 7.01100198 0 P 0
L 6.7499992 7.76100302 8.25000128 7.76100302 0 P 0
L 6.90000144 7.8860015 6.90000144 9.38600358 0 P 0
L 6.90000144 7.8860015 8.10000158 7.8860015 0 P 0
L 6.90000144 9.38600358 8.10000158 9.38600358 0 P 0
L 8.10000158 7.8860015 8.10000158 9.38600358 0 P 0
L 8.25000128 5.51100244 8.25000128 6.26100348 0 P 0
L 8.25000128 6.26100094 8.25000128 7.01100198 1 P 0
L 8.25000128 7.01100198 8.25000128 7.76100302 0 P 0
L 8.74999774 5.51100244 8.74999774 6.26100348 1 P 0
L 8.74999774 5.51100244 10.24999982 5.51100244 1 P 0
L 8.74999774 6.26100094 8.74999774 7.01100198 0 P 0
L 8.74999774 6.26100094 10.24999982 6.26100094 0 P 0
L 8.74999774 6.26100348 10.24999982 6.26100348 1 P 0
L 8.74999774 7.01100198 10.24999982 7.01100198 0 P 0
L 8.74999774 9.51100206 8.74999774 10.2610031 0 P 0
L 8.74999774 9.51100206 10.24999982 9.51100206 0 P 0
L 8.74999774 10.2610031 10.24999982 10.2610031 0 P 0
L 8.74999774 10.5110026 8.74999774 11.26100364 1 P 0
L 8.74999774 10.5110026 10.24999982 10.5110026 1 P 0
L 8.74999774 11.2610011 8.74999774 12.01100214 0 P 0
L 8.74999774 11.2610011 10.24999982 11.2610011 0 P 0
L 8.74999774 11.26100364 10.24999982 11.26100364 1 P 0
L 8.74999774 12.01100214 10.24999982 12.01100214 0 P 0
L 8.74999774 13.76100118 8.74999774 14.51100222 0 P 0
L 8.74999774 13.76100118 10.24999982 13.76100118 0 P 0
L 8.74999774 14.51100222 8.74999774 15.26100326 1 P 0
L 8.74999774 14.51100222 10.24999982 14.51100222 1 P 0
L 8.74999774 14.51100222 10.24999982 14.51100222 0 P 0
L 8.74999774 15.26100326 10.24999982 15.26100326 1 P 0
L 8.75000028 7.01100198 8.75000028 7.76100302 0 P 0
L 8.75000028 7.01100198 10.25000236 7.01100198 0 P 0
L 8.75000028 7.76100302 10.25000236 7.76100302 0 P 0
L 8.75000028 15.26100072 8.75000028 16.01100176 0 P 0
L 8.75000028 15.26100072 10.25000236 15.26100072 0 P 0
L 8.75000028 16.01100176 10.25000236 16.01100176 0 P 0
L 8.89999998 7.8860015 8.89999998 9.38600358 0 P 0
L 8.89999998 7.8860015 10.10000012 7.8860015 0 P 0
L 8.89999998 9.38600358 10.10000012 9.38600358 0 P 0
L 8.89999998 12.13600062 8.89999998 13.6360027 0 P 0
L 8.89999998 12.13600062 10.10000012 12.13600062 0 P 0
L 8.89999998 13.6360027 10.10000012 13.6360027 0 P 0
L 10.10000012 7.8860015 10.10000012 9.38600358 0 P 0
L 10.10000012 12.13600062 10.10000012 13.6360027 0 P 0
L 10.24999982 5.51100244 10.24999982 6.26100348 1 P 0
L 10.24999982 6.26100094 10.24999982 7.01100198 0 P 0
L 10.24999982 9.51100206 10.24999982 10.2610031 0 P 0
L 10.24999982 10.5110026 10.24999982 11.26100364 1 P 0
L 10.24999982 11.2610011 10.24999982 12.01100214 0 P 0
L 10.24999982 13.76100118 10.24999982 14.51100222 0 P 0
L 10.24999982 14.51100222 10.24999982 15.26100326 1 P 0
L 10.25000236 7.01100198 10.25000236 7.76100302 0 P 0
L 10.25000236 15.26100072 10.25000236 16.01100176 0 P 0
L 11.33499638 7.8999969 11.33499638 8.64999794 0 P 0
L 11.33499638 7.8999969 12.83499846 7.8999969 0 P 0
L 11.33499638 8.64999794 12.83499846 8.64999794 0 P 0
L 11.33499638 12.89999706 11.33499638 13.6499981 0 P 0
L 11.33499638 12.89999706 12.83499846 12.89999706 0 P 0
L 11.33499638 13.6499981 12.83499846 13.6499981 0 P 0
L 12.83499846 7.8999969 12.83499846 8.64999794 0 P 0
L 12.83499846 12.89999706 12.83499846 13.6499981 0 P 0
