UNITS=MM
#Layer_Color=9474304
#
#Feature symbol names
#
$0 r127
$1 r169.33164

#
#Feature attribute names
#

#
#Layer features
#
A -0.09201404 2.99999908 -0.09201404 2.99999908 -0.60001404 2.99999908 1 P 0 N
A -0.49199546 46.99999998 -0.49199546 46.99999998 -0.99999546 46.99999998 1 P 0 N
A -0.49199546 49.00000106 -0.49199546 49.00000106 -0.99999546 49.00000106 1 P 0 N
A -0.49200054 27.49500216 -0.49200054 27.49500216 -1.00000054 27.49500216 1 P 0 N
A -0.49200054 28.76500216 -0.49200054 28.76500216 -1.00000054 28.76500216 1 P 0 N
A -0.49200054 30.03500216 -0.49200054 30.03500216 -1.00000054 30.03500216 1 P 0 N
A -0.49200054 32.57500216 -0.49200054 32.57500216 -1.00000054 32.57500216 1 P 0 N
A -0.89201244 2.99999908 -0.89201244 2.99999908 -1.40001244 2.99999908 1 P 0 N
A -0.99199954 6.8999989 -0.99199954 6.8999989 -1.49999954 6.8999989 1 P 0 N
A -0.99199954 9.8749993 -0.99199954 9.8749993 -1.49999954 9.8749993 1 P 0 N
A -0.99199954 13.35000124 -0.99199954 13.35000124 -1.49999954 13.35000124 1 P 0 N
A -1.1919966 46.99999998 -1.1919966 46.99999998 -1.6999966 46.99999998 1 P 0 N
A -1.1919966 49.00000106 -1.1919966 49.00000106 -1.6999966 49.00000106 1 P 0 N
A -1.49199854 8.87499876 -1.49199854 8.87499876 -1.99999854 8.87499876 1 P 0 N
A -1.49199854 10.82499994 -1.49199854 10.82499994 -1.99999854 10.82499994 1 P 0 N
A -1.49199854 11.47499864 -1.49199854 11.47499864 -1.99999854 11.47499864 1 P 0 N
A -1.49199854 12.12499988 -1.49199854 12.12499988 -1.99999854 12.12499988 1 P 0 N
A -1.49199854 12.77499858 -1.49199854 12.77499858 -1.99999854 12.77499858 1 P 0 N
A -1.49199854 13.92499882 -1.49199854 13.92499882 -1.99999854 13.92499882 1 P 0 N
A -1.89199774 46.99999998 -1.89199774 46.99999998 -2.39999774 46.99999998 1 P 0 N
A -1.94200018 34.34999988 -1.94200018 34.34999988 -2.45000018 34.34999988 1 P 0 N
A -2.01699876 29.62500044 -2.01699876 29.62500044 -2.52499876 29.62500044 1 P 0 N
A -2.19200476 18.7999878 -2.19200476 18.7999878 -2.70000476 18.7999878 1 P 0 N
A -2.2170009 22.35000102 -2.2170009 22.35000102 -2.7250009 22.35000102 1 P 0 N
A -2.3670006 4.50000116 -2.3670006 4.50000116 -2.8750006 4.50000116 1 P 0 N
A -2.59199888 46.99999998 -2.59199888 46.99999998 -3.09999888 46.99999998 1 P 0 N
A -3.29200002 46.99999998 -3.29200002 46.99999998 -3.80000002 46.99999998 1 P 0 N
A -3.99199354 18.8000005 -3.99199354 18.8000005 -4.49999354 18.8000005 1 P 0 N
A -3.99200116 46.99999998 -3.99200116 46.99999998 -4.50000116 46.99999998 1 P 0 N
A -3.99200116 49.00000106 -3.99200116 49.00000106 -4.50000116 49.00000106 1 P 0 N
A -4.96700048 3.92500104 -4.96700048 3.92500104 -5.47500048 3.92500104 1 P 0 N
A -5.06199902 7.57500136 -5.06199902 7.57500136 -5.56999902 7.57500136 1 P 0 N
A -5.7420002 18.77499928 -5.7420002 18.77499928 -6.2500002 18.77499928 1 P 0 N
A -5.842 40.32499936 -5.842 40.32499936 -6.35 40.32499936 1 P 0 N
A -5.85199744 7.92999938 -5.85199744 7.92999938 -6.35999744 7.92999938 1 P 0 N
A -6.09201474 2.99999908 -6.09201474 2.99999908 -6.60001474 2.99999908 1 P 0 N
A -6.3919989 10.37500084 -6.3919989 10.37500084 -6.8999989 10.37500084 1 P 0 N
A -6.89201568 2.99999908 -6.89201568 2.99999908 -7.40001568 2.99999908 1 P 0 N
A -7.29200218 8.57000064 -7.29200218 8.57000064 -7.80000218 8.57000064 1 P 0 N
A -7.31700086 7.10000104 -7.31700086 7.10000104 -7.82500086 7.10000104 1 P 0 N
A -7.31700086 33.19999964 -7.31700086 33.19999964 -7.82500086 33.19999964 1 P 0 N
A -7.56700036 3.7749988 -7.56700036 3.7749988 -8.07500036 3.7749988 1 P 0 N
A -7.59199142 31.39999308 -7.59199142 31.39999308 -8.09999142 31.39999308 1 P 0 N
A -7.59199904 35.1749995 -7.59199904 35.1749995 -8.09999904 35.1749995 1 P 0 N
A -7.59200158 16.99998886 -7.59200158 16.99998886 -8.10000158 16.99998886 1 P 0 N
A -7.59200412 18.80001066 -7.59200412 18.80001066 -8.10000412 18.80001066 1 P 0 N
A -8.21699906 10.69999892 -8.21699906 10.69999892 -8.72499906 10.69999892 1 P 0 N
A -8.49201502 2.99999908 -8.49201502 2.99999908 -9.00001502 2.99999908 1 P 0 N
A -8.99200132 8.00000178 -8.99200132 8.00000178 -9.50000132 8.00000178 1 P 0 N
A -8.99200132 8.99999978 -8.99200132 8.99999978 -9.50000132 8.99999978 1 P 0 N
A -9.29201596 3.99999962 -9.29201596 3.99999962 -9.80001596 3.99999962 1 P 0 N
A -9.39200052 16.99998886 -9.39200052 16.99998886 -9.90000052 16.99998886 1 P 0 N
A -9.44200042 27.77499906 -9.44200042 27.77499906 -9.95000042 27.77499906 1 P 0 N
A -9.44200042 37.39999886 -9.44200042 37.39999886 -9.95000042 37.39999886 1 P 0 N
A -9.49200032 8.50000078 -9.49200032 8.50000078 -10.00000032 8.50000078 1 P 0 N
A -9.49200032 31.5000005 -9.49200032 31.5000005 -10.00000032 31.5000005 1 P 0 N
A -9.49200032 33.49999904 -9.49200032 33.49999904 -10.00000032 33.49999904 1 P 0 N
A -9.99199932 8.00000178 -9.99199932 8.00000178 -10.49999932 8.00000178 1 P 0 N
A -9.99199932 8.99999978 -9.99199932 8.99999978 -10.49999932 8.99999978 1 P 0 N
A -9.99200186 12.9999994 -9.99200186 12.9999994 -10.50000186 12.9999994 1 P 0 N
A -10.09201436 3.99999962 -10.09201436 3.99999962 -10.60001436 3.99999962 1 P 0 N
A -10.88200516 9.90000052 -10.88200516 9.90000052 -11.39000516 9.90000052 1 P 0 N
A -10.8920153 3.99999962 -10.8920153 3.99999962 -11.4000153 3.99999962 1 P 0 N
A -10.9920024 12.9999994 -10.9920024 12.9999994 -11.5000024 12.9999994 1 P 0 N
A -11.1919893 22.39999838 -11.1919893 22.39999838 -11.6999893 22.39999838 1 P 0 N
A -11.19199946 10.62500034 -11.19199946 10.62500034 -11.69999946 10.62500034 1 P 0 N
A -11.19199946 34.99997826 -11.19199946 34.99997826 -11.69999946 34.99997826 1 P 0 N
A -11.19199946 36.7999772 -11.19199946 36.7999772 -11.69999946 36.7999772 1 P 0 N
A -11.19199946 38.59997614 -11.19199946 38.59997614 -11.69999946 38.59997614 1 P 0 N
A -11.9920004 12.9999994 -11.9920004 12.9999994 -12.5000004 12.9999994 1 P 0 N
A 0.20800568 46.99999998 0.20800568 46.99999998 -0.29999432 46.99999998 1 P 0 N
A 0.20800568 49.00000106 0.20800568 49.00000106 -0.29999432 49.00000106 1 P 0 N
A 0.90800682 46.99999998 0.90800682 46.99999998 0.40000682 46.99999998 1 P 0 N
A 1.38299952 9.14999948 1.38299952 9.14999948 0.87499952 9.14999948 1 P 0 N
A 1.38299952 11.47500118 1.38299952 11.47500118 0.87499952 11.47500118 1 P 0 N
A 1.38299952 13.42499982 1.38299952 13.42499982 0.87499952 13.42499982 1 P 0 N
A 1.38299952 15.95000112 1.38299952 15.95000112 0.87499952 15.95000112 1 P 0 N
A 1.38299952 20.59999944 1.38299952 20.59999944 0.87499952 20.59999944 1 P 0 N
A 1.60800796 46.99999998 1.60800796 46.99999998 1.10000796 46.99999998 1 P 0 N
A 1.9079845 2.99999908 1.9079845 2.99999908 1.3999845 2.99999908 1 P 0 N
A 2.3080091 46.99999998 2.3080091 46.99999998 1.8000091 46.99999998 1 P 0 N
A 2.50799854 8.22500006 2.50799854 8.22500006 1.99999854 8.22500006 1 P 0 N
A 2.50799854 10.1749987 2.50799854 10.1749987 1.99999854 10.1749987 1 P 0 N
A 2.50799854 10.82499994 2.50799854 10.82499994 1.99999854 10.82499994 1 P 0 N
A 2.50799854 11.47499864 2.50799854 11.47499864 1.99999854 11.47499864 1 P 0 N
A 2.50799854 12.12499988 2.50799854 12.12499988 1.99999854 12.12499988 1 P 0 N
A 2.50799854 12.76250178 2.50799854 12.76250178 1.99999854 12.76250178 1 P 0 N
A 2.55800098 35.99999912 2.55800098 35.99999912 2.05000098 35.99999912 1 P 0 N
A 2.68299946 48.87500004 2.68299946 48.87500004 2.17499946 48.87500004 1 P 0 N
A 2.7079829 2.99999908 2.7079829 2.99999908 2.1999829 2.99999908 1 P 0 N
A 3.00800008 46.60000078 3.00800008 46.60000078 2.50000008 46.60000078 1 P 0 N
A 3.20798952 18.80001066 3.20798952 18.80001066 2.69998952 18.80001066 1 P 0 N
A 3.20799968 45.20000104 3.20799968 45.20000104 2.69999968 45.20000104 1 P 0 N
A 3.20799968 45.90000218 3.20799968 45.90000218 2.69999968 45.90000218 1 P 0 N
A 3.25799958 20.82500026 3.25799958 20.82500026 2.74999958 20.82500026 1 P 0 N
A 3.30799948 48.74999902 3.30799948 48.74999902 2.79999948 48.74999902 1 P 0 N
A 3.50798384 2.99999908 3.50798384 2.99999908 2.99998384 2.99999908 1 P 0 N
A 3.95800072 48.37500104 3.95800072 48.37500104 3.45000072 48.37500104 1 P 0 N
A 4.30798478 2.99999908 4.30798478 2.99999908 3.79998478 2.99999908 1 P 0 N
A 4.45799972 47.8749995 4.45799972 47.8749995 3.94999972 47.8749995 1 P 0 N
A 4.78300034 6.1500004 4.78300034 6.1500004 4.27500034 6.1500004 1 P 0 N
A 4.80799902 47.2750007 4.80799902 47.2750007 4.29999902 47.2750007 1 P 0 N
A 5.00798846 18.80001066 5.00798846 18.80001066 4.49998846 18.80001066 1 P 0 N
A 5.00800116 45.20000104 5.00800116 45.20000104 4.50000116 45.20000104 1 P 0 N
A 5.00800116 45.90000218 5.00800116 45.90000218 4.50000116 45.90000218 1 P 0 N
A 5.00800116 46.60000332 5.00800116 46.60000332 4.50000116 46.60000332 1 P 0 N
A 5.10798318 2.99999908 5.10798318 2.99999908 4.59998318 2.99999908 1 P 0 N
A 6.0780041 13.26250078 6.0780041 13.26250078 5.5700041 13.26250078 1 P 0 N
A 6.10799896 15.95000112 6.10799896 15.95000112 5.59999896 15.95000112 1 P 0 N
A 6.18300008 24.62500028 6.18300008 24.62500028 5.67500008 24.62500028 1 P 0 N
A 6.64800296 9.08600164 6.64800296 9.08600164 6.14000296 9.08600164 1 P 0 N
A 6.8079874 18.80001066 6.8079874 18.80001066 6.2999874 18.80001066 1 P 0 N
A 6.8080001 20.59999944 6.8080001 20.59999944 6.3000001 20.59999944 1 P 0 N
A 7.63299972 9.7749995 7.63299972 9.7749995 7.12499972 9.7749995 1 P 0 N
A 7.70800084 41.90000002 7.70800084 41.90000002 7.20000084 41.90000002 1 P 0 N
A 7.70800084 42.49999882 7.70800084 42.49999882 7.20000084 42.49999882 1 P 0 N
A 8.10800258 36.92500108 8.10800258 36.92500108 7.60000258 36.92500108 1 P 0 N
A 8.60798634 18.80001066 8.60798634 18.80001066 8.09998634 18.80001066 1 P 0 N
A 8.60798888 27.7999825 8.60798888 27.7999825 8.09998888 27.7999825 1 P 0 N
A 8.63299772 12.43600256 8.63299772 12.43600256 8.12499772 12.43600256 1 P 0 N
A 8.64800404 9.08600164 8.64800404 9.08600164 8.14000404 9.08600164 1 P 0 N
A 8.70800138 36.92500108 8.70800138 36.92500108 8.20000138 36.92500108 1 P 0 N
A 8.72619794 13.9681966 8.72619794 13.9681966 8.21819794 13.9681966 1 P 0 N
A 9.30800018 36.92500108 9.30800018 36.92500108 8.80000018 36.92500108 1 P 0 N
A 9.57800218 16.27600504 9.57800218 16.27600504 9.07000218 16.27600504 1 P 0 N
A 9.90799898 36.92500108 9.90799898 36.92500108 9.39999898 36.92500108 1 P 0 N
A 10.35800062 17.92500098 10.35800062 17.92500098 9.85000062 17.92500098 1 P 0 N
A 10.3829993 20.59999944 10.3829993 20.59999944 9.8749993 20.59999944 1 P 0 N
A 10.40800052 41.30000122 10.40800052 41.30000122 9.90000052 41.30000122 1 P 0 N
A 10.40800052 41.90000002 10.40800052 41.90000002 9.90000052 41.90000002 1 P 0 N
A 10.40800052 42.49999882 10.40800052 42.49999882 9.90000052 42.49999882 1 P 0 N
A 10.40800052 43.09999762 10.40800052 43.09999762 9.90000052 43.09999762 1 P 0 N
A 10.75799982 3.55000052 10.75799982 3.55000052 10.24999982 3.55000052 1 P 0 N
A 11.43799846 6.63600146 11.43799846 6.63600146 10.92999846 6.63600146 1 P 0 N
A 11.43799846 11.63600162 11.43799846 11.63600162 10.92999846 11.63600162 1 P 0 N
A 11.98300118 10.44999942 11.98300118 10.44999942 11.47500118 10.44999942 1 P 0 N
A 11.98300118 15.95000112 11.98300118 15.95000112 11.47500118 15.95000112 1 P 0 N
A 12.20797406 18.79999796 12.20797406 18.79999796 11.69997406 18.79999796 1 P 0 N
A 12.20797406 20.5999969 12.20797406 20.5999969 11.69997406 20.5999969 1 P 0 N
A 12.20797406 22.39999584 12.20797406 22.39999584 11.69997406 22.39999584 1 P 0 N
A 12.20797406 24.19999478 12.20797406 24.19999478 11.69997406 24.19999478 1 P 0 N
A 13.7579989 8.27499742 13.7579989 8.27499742 13.2499989 8.27499742 1 P 0 N
A 13.7579989 13.27499758 13.7579989 13.27499758 13.2499989 13.27499758 1 P 0 N
L -11.5920139 47.54200042 -11.5920139 48.55800042 0 P 0
L -12.6080139 47.54200042 -11.5920139 47.54200042 0 P 0
L -12.6080139 47.54200042 -12.6080139 48.55800042 0 P 0
L -12.6080139 48.55800042 -11.5920139 48.55800042 0 P 0
L -14.24999944 3.49200216 -13.74199944 4.50800216 0 P 0
L -14.24999944 4.4920027 -13.74199944 5.5080027 0 P 0
L -14.24999944 5.4920007 -13.74199944 6.5080007 0 P 0
L -14.24999944 6.49200124 -13.74199944 7.50800124 0 P 0
L -14.24999944 7.49200178 -13.74199944 8.50800178 0 P 0
L -14.24999944 8.49200232 -13.74199944 9.50800232 0 P 0
L -14.24999944 9.49200032 -13.74199944 10.50800032 0 P 0
L -14.24999944 10.49200086 -13.74199944 11.50800086 0 P 0
L -14.24999944 11.4920014 -13.74199944 12.5080014 0 P 0
L -14.24999944 12.49200194 -13.74199944 13.50800194 0 P 0
L -14.24999944 13.49199994 -13.74199944 14.50799994 0 P 0
L -14.24999944 14.49200048 -13.74199944 15.50800048 0 P 0
L -14.75799944 4.50800216 -13.74199944 4.50800216 0 P 0
L -14.75799944 4.50800216 -14.24999944 3.49200216 0 P 0
L -14.75799944 5.5080027 -13.74199944 5.5080027 0 P 0
L -14.75799944 5.5080027 -14.24999944 4.4920027 0 P 0
L -14.75799944 6.5080007 -13.74199944 6.5080007 0 P 0
L -14.75799944 6.5080007 -14.24999944 5.4920007 0 P 0
L -14.75799944 7.50800124 -13.74199944 7.50800124 0 P 0
L -14.75799944 7.50800124 -14.24999944 6.49200124 0 P 0
L -14.75799944 8.50800178 -13.74199944 8.50800178 0 P 0
L -14.75799944 8.50800178 -14.24999944 7.49200178 0 P 0
L -14.75799944 9.50800232 -13.74199944 9.50800232 0 P 0
L -14.75799944 9.50800232 -14.24999944 8.49200232 0 P 0
L -14.75799944 10.50800032 -13.74199944 10.50800032 0 P 0
L -14.75799944 10.50800032 -14.24999944 9.49200032 0 P 0
L -14.75799944 11.50800086 -13.74199944 11.50800086 0 P 0
L -14.75799944 11.50800086 -14.24999944 10.49200086 0 P 0
L -14.75799944 12.5080014 -13.74199944 12.5080014 0 P 0
L -14.75799944 12.5080014 -14.24999944 11.4920014 0 P 0
L -14.75799944 13.50800194 -13.74199944 13.50800194 0 P 0
L -14.75799944 13.50800194 -14.24999944 12.49200194 0 P 0
L -14.75799944 14.50799994 -13.74199944 14.50799994 0 P 0
L -14.75799944 14.50799994 -14.24999944 13.49199994 0 P 0
L -14.75799944 15.50800048 -13.74199944 15.50800048 0 P 0
L -14.75799944 15.50800048 -14.24999944 14.49200048 0 P 0
L 11.59198596 47.54200042 11.59198596 48.55800042 0 P 0
L 11.59198596 47.54200042 12.60798596 47.54200042 0 P 0
L 11.59198596 48.55800042 12.60798596 48.55800042 0 P 0
L 12.60798596 47.54200042 12.60798596 48.55800042 0 P 0
L 13.74199944 4.50799708 14.24999944 3.49199708 0 P 0
L 13.74199944 4.50799708 14.75799944 4.50799708 0 P 0
L 13.74199944 5.50799762 14.24999944 4.49199762 0 P 0
L 13.74199944 5.50799762 14.75799944 5.50799762 0 P 0
L 13.74199944 6.50799816 14.24999944 5.49199816 0 P 0
L 13.74199944 6.50799816 14.75799944 6.50799816 0 P 0
L 13.74199944 7.5079987 14.24999944 6.4919987 0 P 0
L 13.74199944 7.5079987 14.75799944 7.5079987 0 P 0
L 13.74199944 8.50799924 14.24999944 7.49199924 0 P 0
L 13.74199944 8.50799924 14.75799944 8.50799924 0 P 0
L 13.74199944 9.50799978 14.24999944 8.49199978 0 P 0
L 13.74199944 9.50799978 14.75799944 9.50799978 0 P 0
L 13.74199944 10.50800032 14.24999944 9.49200032 0 P 0
L 13.74199944 10.50800032 14.75799944 10.50800032 0 P 0
L 13.74199944 11.50799832 14.24999944 10.49199832 0 P 0
L 13.74199944 11.50799832 14.75799944 11.50799832 0 P 0
L 13.74199944 12.50799886 14.24999944 11.49199886 0 P 0
L 13.74199944 12.50799886 14.75799944 12.50799886 0 P 0
L 13.74199944 13.5079994 14.24999944 12.4919994 0 P 0
L 13.74199944 13.5079994 14.75799944 13.5079994 0 P 0
L 13.74199944 14.50799994 14.24999944 13.49199994 0 P 0
L 13.74199944 14.50799994 14.75799944 14.50799994 0 P 0
L 13.74199944 15.50799794 14.24999944 14.49199794 0 P 0
L 13.74199944 15.50799794 14.75799944 15.50799794 0 P 0
L 14.24999944 3.49199708 14.75799944 4.50799708 0 P 0
L 14.24999944 4.49199762 14.75799944 5.50799762 0 P 0
L 14.24999944 5.49199816 14.75799944 6.50799816 0 P 0
L 14.24999944 6.4919987 14.75799944 7.5079987 0 P 0
L 14.24999944 7.49199924 14.75799944 8.50799924 0 P 0
L 14.24999944 8.49199978 14.75799944 9.50799978 0 P 0
L 14.24999944 9.49200032 14.75799944 10.50800032 0 P 0
L 14.24999944 10.49199832 14.75799944 11.50799832 0 P 0
L 14.24999944 11.49199886 14.75799944 12.50799886 0 P 0
L 14.24999944 12.4919994 14.75799944 13.5079994 0 P 0
L 14.24999944 13.49199994 14.75799944 14.50799994 0 P 0
L 14.24999944 14.49199794 14.75799944 15.50799794 0 P 0
