UNITS=MM
#Layer_Color=9474304
#
#Feature symbol names
#
$0 r127

#
#Feature attribute names
#

#
#Layer features
#
L -0.29999432 46.90000018 -0.29999432 47.09999978 0 P 0
L -0.29999432 48.90000126 -0.29999432 49.10000086 0 P 0
L -0.39999412 46.99999998 -0.19999452 46.99999998 0 P 0
L -0.39999412 49.00000106 -0.19999452 49.00000106 0 P 0
L -0.60001404 2.89999928 -0.60001404 3.09999888 0 P 0
L -0.70001384 2.99999908 -0.50001424 2.99999908 0 P 0
L -0.99999546 46.90000018 -0.99999546 47.09999978 0 P 0
L -0.99999546 48.90000126 -0.99999546 49.10000086 0 P 0
L -1.00000054 27.39500236 -1.00000054 27.59500196 0 P 0
L -1.00000054 28.66500236 -1.00000054 28.86500196 0 P 0
L -1.00000054 29.93500236 -1.00000054 30.13500196 0 P 0
L -1.00000054 32.47500236 -1.00000054 32.67500196 0 P 0
L -1.09999526 46.99999998 -0.89999566 46.99999998 0 P 0
L -1.09999526 49.00000106 -0.89999566 49.00000106 0 P 0
L -1.10000034 27.49500216 -0.90000074 27.49500216 0 P 0
L -1.10000034 28.76500216 -0.90000074 28.76500216 0 P 0
L -1.10000034 30.03500216 -0.90000074 30.03500216 0 P 0
L -1.10000034 32.57500216 -0.90000074 32.57500216 0 P 0
L -1.40001244 2.89999928 -1.40001244 3.09999888 0 P 0
L -1.49999954 6.7999991 -1.49999954 6.9999987 0 P 0
L -1.49999954 9.7749995 -1.49999954 9.9749991 0 P 0
L -1.49999954 13.25000144 -1.49999954 13.45000104 0 P 0
L -1.50001224 2.99999908 -1.30001264 2.99999908 0 P 0
L -1.59999934 6.8999989 -1.39999974 6.8999989 0 P 0
L -1.59999934 9.8749993 -1.39999974 9.8749993 0 P 0
L -1.59999934 13.35000124 -1.39999974 13.35000124 0 P 0
L -1.6999966 46.90000018 -1.6999966 47.09999978 0 P 0
L -1.6999966 48.90000126 -1.6999966 49.10000086 0 P 0
L -1.7999964 46.99999998 -1.5999968 46.99999998 0 P 0
L -1.7999964 49.00000106 -1.5999968 49.00000106 0 P 0
L -1.99999854 8.77499896 -1.99999854 8.97499856 0 P 0
L -1.99999854 10.72500014 -1.99999854 10.92499974 0 P 0
L -1.99999854 11.37499884 -1.99999854 11.57499844 0 P 0
L -1.99999854 12.02500008 -1.99999854 12.22499968 0 P 0
L -1.99999854 12.67499878 -1.99999854 12.87499838 0 P 0
L -1.99999854 13.82499902 -1.99999854 14.02499862 0 P 0
L -2.09999834 8.87499876 -1.89999874 8.87499876 0 P 0
L -2.09999834 10.82499994 -1.89999874 10.82499994 0 P 0
L -2.09999834 11.47499864 -1.89999874 11.47499864 0 P 0
L -2.09999834 12.12499988 -1.89999874 12.12499988 0 P 0
L -2.09999834 12.77499858 -1.89999874 12.77499858 0 P 0
L -2.09999834 13.92499882 -1.89999874 13.92499882 0 P 0
L -2.39999774 46.90000018 -2.39999774 47.09999978 0 P 0
L -2.45000018 34.25000008 -2.45000018 34.44999968 0 P 0
L -2.49999754 46.99999998 -2.29999794 46.99999998 0 P 0
L -2.52499876 29.52500064 -2.52499876 29.72500024 0 P 0
L -2.54999998 34.34999988 -2.35000038 34.34999988 0 P 0
L -2.62499856 29.62500044 -2.42499896 29.62500044 0 P 0
L -2.70000476 18.699988 -2.70000476 18.8999876 0 P 0
L -2.7250009 22.25000122 -2.7250009 22.45000082 0 P 0
L -2.80000456 18.7999878 -2.60000496 18.7999878 0 P 0
L -2.8250007 22.35000102 -2.6250011 22.35000102 0 P 0
L -2.8750006 4.40000136 -2.8750006 4.60000096 0 P 0
L -2.9750004 4.50000116 -2.7750008 4.50000116 0 P 0
L -3.09999888 46.90000018 -3.09999888 47.09999978 0 P 0
L -3.19999868 46.99999998 -2.99999908 46.99999998 0 P 0
L -3.80000002 46.90000018 -3.80000002 47.09999978 0 P 0
L -3.89999982 46.99999998 -3.70000022 46.99999998 0 P 0
L -4.49999354 18.7000007 -4.49999354 18.9000003 0 P 0
L -4.50000116 46.90000018 -4.50000116 47.09999978 0 P 0
L -4.50000116 48.90000126 -4.50000116 49.10000086 0 P 0
L -4.59999334 18.8000005 -4.39999374 18.8000005 0 P 0
L -4.60000096 46.99999998 -4.40000136 46.99999998 0 P 0
L -4.60000096 49.00000106 -4.40000136 49.00000106 0 P 0
L -5.47500048 3.82500124 -5.47500048 4.02500084 0 P 0
L -5.56999902 7.47500156 -5.56999902 7.67500116 0 P 0
L -5.57500028 3.92500104 -5.37500068 3.92500104 0 P 0
L -5.66999882 7.57500136 -5.46999922 7.57500136 0 P 0
L -6.2500002 18.67499948 -6.2500002 18.87499908 0 P 0
L -6.35 18.77499928 -6.1500004 18.77499928 0 P 0
L -6.35 40.22499956 -6.35 40.42499916 0 P 0
L -6.35999744 7.82999958 -6.35999744 8.02999918 0 P 0
L -6.4499998 40.32499936 -6.2500002 40.32499936 0 P 0
L -6.45999724 7.92999938 -6.25999764 7.92999938 0 P 0
L -6.60001474 2.89999928 -6.60001474 3.09999888 0 P 0
L -6.70001454 2.99999908 -6.50001494 2.99999908 0 P 0
L -6.8999989 10.27500104 -6.8999989 10.47500064 0 P 0
L -6.9999987 10.37500084 -6.7999991 10.37500084 0 P 0
L -7.40001568 2.89999928 -7.40001568 3.09999888 0 P 0
L -7.50001548 2.99999908 -7.30001588 2.99999908 0 P 0
L -7.80000218 8.47000084 -7.80000218 8.67000044 0 P 0
L -7.82500086 7.00000124 -7.82500086 7.20000084 0 P 0
L -7.82500086 33.09999984 -7.82500086 33.29999944 0 P 0
L -7.90000198 8.57000064 -7.70000238 8.57000064 0 P 0
L -7.92500066 7.10000104 -7.72500106 7.10000104 0 P 0
L -7.92500066 33.19999964 -7.72500106 33.19999964 0 P 0
L -8.07500036 3.674999 -8.07500036 3.8749986 0 P 0
L -8.09999142 31.29999328 -8.09999142 31.49999288 0 P 0
L -8.09999904 35.0749997 -8.09999904 35.2749993 0 P 0
L -8.10000158 16.89998906 -8.10000158 17.09998866 0 P 0
L -8.10000412 18.70001086 -8.10000412 18.90001046 0 P 0
L -8.17500016 3.7749988 -7.97500056 3.7749988 0 P 0
L -8.19999122 31.39999308 -7.99999162 31.39999308 0 P 0
L -8.19999884 35.1749995 -7.99999924 35.1749995 0 P 0
L -8.20000138 16.99998886 -8.00000178 16.99998886 0 P 0
L -8.20000392 18.80001066 -8.00000432 18.80001066 0 P 0
L -8.72499906 10.59999912 -8.72499906 10.79999872 0 P 0
L -8.82499886 10.69999892 -8.62499926 10.69999892 0 P 0
L -9.00001502 2.89999928 -9.00001502 3.09999888 0 P 0
L -9.10001482 2.99999908 -8.90001522 2.99999908 0 P 0
L -9.50000132 7.90000198 -9.50000132 8.10000158 0 P 0
L -9.50000132 8.89999998 -9.50000132 9.09999958 0 P 0
L -9.60000112 8.00000178 -9.40000152 8.00000178 0 P 0
L -9.60000112 8.99999978 -9.40000152 8.99999978 0 P 0
L -9.80001596 3.89999982 -9.80001596 4.09999942 0 P 0
L -9.90000052 16.89998906 -9.90000052 17.09998866 0 P 0
L -9.90001576 3.99999962 -9.70001616 3.99999962 0 P 0
L -9.95000042 27.67499926 -9.95000042 27.87499886 0 P 0
L -9.95000042 37.29999906 -9.95000042 37.49999866 0 P 0
L -10.00000032 8.40000098 -10.00000032 8.60000058 0 P 0
L -10.00000032 16.99998886 -9.80000072 16.99998886 0 P 0
L -10.00000032 31.4000007 -10.00000032 31.6000003 0 P 0
L -10.00000032 33.39999924 -10.00000032 33.59999884 0 P 0
L -10.05000022 27.77499906 -9.85000062 27.77499906 0 P 0
L -10.05000022 37.39999886 -9.85000062 37.39999886 0 P 0
L -10.10000012 8.50000078 -9.90000052 8.50000078 0 P 0
L -10.10000012 31.5000005 -9.90000052 31.5000005 0 P 0
L -10.10000012 33.49999904 -9.90000052 33.49999904 0 P 0
L -10.49999932 7.90000198 -10.49999932 8.10000158 0 P 0
L -10.49999932 8.89999998 -10.49999932 9.09999958 0 P 0
L -10.50000186 12.8999996 -10.50000186 13.0999992 0 P 0
L -10.59999912 8.00000178 -10.39999952 8.00000178 0 P 0
L -10.59999912 8.99999978 -10.39999952 8.99999978 0 P 0
L -10.60000166 12.9999994 -10.40000206 12.9999994 0 P 0
L -10.60001436 3.89999982 -10.60001436 4.09999942 0 P 0
L -10.70001416 3.99999962 -10.50001456 3.99999962 0 P 0
L -11.39000516 9.80000072 -11.39000516 10.00000032 0 P 0
L -11.4000153 3.89999982 -11.4000153 4.09999942 0 P 0
L -11.49000496 9.90000052 -11.29000536 9.90000052 0 P 0
L -11.5000024 12.8999996 -11.5000024 13.0999992 0 P 0
L -11.5000151 3.99999962 -11.3000155 3.99999962 0 P 0
L -11.6000022 12.9999994 -11.4000026 12.9999994 0 P 0
L -11.6999893 22.29999858 -11.6999893 22.49999818 0 P 0
L -11.69999946 10.52500054 -11.69999946 10.72500014 0 P 0
L -11.69999946 34.89997846 -11.69999946 35.09997806 0 P 0
L -11.69999946 36.6999774 -11.69999946 36.899977 0 P 0
L -11.69999946 38.49997634 -11.69999946 38.69997594 0 P 0
L -11.7999891 22.39999838 -11.5999895 22.39999838 0 P 0
L -11.79999926 10.62500034 -11.59999966 10.62500034 0 P 0
L -11.79999926 34.99997826 -11.59999966 34.99997826 0 P 0
L -11.79999926 36.7999772 -11.59999966 36.7999772 0 P 0
L -11.79999926 38.59997614 -11.59999966 38.59997614 0 P 0
L -12.1000139 46.75000048 -12.1000139 49.35000036 0 P 0
L -12.5000004 12.8999996 -12.5000004 13.0999992 0 P 0
L -12.6000002 12.9999994 -12.4000006 12.9999994 0 P 0
L -13.40001384 48.05000042 -10.80001396 48.05000042 0 P 0
L -14.24999944 3.75000266 -14.24999944 4.25000166 0 P 0
L -14.24999944 4.7500032 -14.24999944 5.2500022 0 P 0
L -14.24999944 5.7500012 -14.24999944 6.2500002 0 P 0
L -14.24999944 6.75000174 -14.24999944 7.25000074 0 P 0
L -14.24999944 7.75000228 -14.24999944 8.25000128 0 P 0
L -14.24999944 8.75000282 -14.24999944 9.25000182 0 P 0
L -14.24999944 9.75000082 -14.24999944 10.24999982 0 P 0
L -14.24999944 10.75000136 -14.24999944 11.25000036 0 P 0
L -14.24999944 11.7500019 -14.24999944 12.2500009 0 P 0
L -14.24999944 12.75000244 -14.24999944 13.25000144 0 P 0
L -14.24999944 13.75000044 -14.24999944 14.24999944 0 P 0
L -14.24999944 14.75000098 -14.24999944 15.24999998 0 P 0
L -14.49999894 4.00000216 -13.99999994 4.00000216 0 P 0
L -14.49999894 5.0000027 -13.99999994 5.0000027 0 P 0
L -14.49999894 6.0000007 -13.99999994 6.0000007 0 P 0
L -14.49999894 7.00000124 -13.99999994 7.00000124 0 P 0
L -14.49999894 8.00000178 -13.99999994 8.00000178 0 P 0
L -14.49999894 9.00000232 -13.99999994 9.00000232 0 P 0
L -14.49999894 10.00000032 -13.99999994 10.00000032 0 P 0
L -14.49999894 11.00000086 -13.99999994 11.00000086 0 P 0
L -14.49999894 12.0000014 -13.99999994 12.0000014 0 P 0
L -14.49999894 13.00000194 -13.99999994 13.00000194 0 P 0
L -14.49999894 13.99999994 -13.99999994 13.99999994 0 P 0
L -14.49999894 15.00000048 -13.99999994 15.00000048 0 P 0
L 0.30000702 46.99999998 0.50000662 46.99999998 0 P 0
L 0.40000682 46.90000018 0.40000682 47.09999978 0 P 0
L 0.77499972 9.14999948 0.97499932 9.14999948 0 P 0
L 0.77499972 11.47500118 0.97499932 11.47500118 0 P 0
L 0.77499972 13.42499982 0.97499932 13.42499982 0 P 0
L 0.77499972 15.95000112 0.97499932 15.95000112 0 P 0
L 0.77499972 20.59999944 0.97499932 20.59999944 0 P 0
L 0.87499952 9.04999968 0.87499952 9.24999928 0 P 0
L 0.87499952 11.37500138 0.87499952 11.57500098 0 P 0
L 0.87499952 13.32500002 0.87499952 13.52499962 0 P 0
L 0.87499952 15.85000132 0.87499952 16.05000092 0 P 0
L 0.87499952 20.49999964 0.87499952 20.69999924 0 P 0
L 1.00000816 46.99999998 1.20000776 46.99999998 0 P 0
L 1.10000796 46.90000018 1.10000796 47.09999978 0 P 0
L 1.2999847 2.99999908 1.4999843 2.99999908 0 P 0
L 1.3999845 2.89999928 1.3999845 3.09999888 0 P 0
L 1.7000093 46.99999998 1.9000089 46.99999998 0 P 0
L 1.8000091 46.90000018 1.8000091 47.09999978 0 P 0
L 1.89999874 8.22500006 2.09999834 8.22500006 0 P 0
L 1.89999874 10.1749987 2.09999834 10.1749987 0 P 0
L 1.89999874 10.82499994 2.09999834 10.82499994 0 P 0
L 1.89999874 11.47499864 2.09999834 11.47499864 0 P 0
L 1.89999874 12.12499988 2.09999834 12.12499988 0 P 0
L 1.89999874 12.76250178 2.09999834 12.76250178 0 P 0
L 1.95000118 35.99999912 2.15000078 35.99999912 0 P 0
L 1.99999854 8.12500026 1.99999854 8.32499986 0 P 0
L 1.99999854 10.0749989 1.99999854 10.2749985 0 P 0
L 1.99999854 10.72500014 1.99999854 10.92499974 0 P 0
L 1.99999854 11.37499884 1.99999854 11.57499844 0 P 0
L 1.99999854 12.02500008 1.99999854 12.22499968 0 P 0
L 1.99999854 12.66250198 1.99999854 12.86250158 0 P 0
L 2.05000098 35.89999932 2.05000098 36.09999892 0 P 0
L 2.07499966 48.87500004 2.27499926 48.87500004 0 P 0
L 2.0999831 2.99999908 2.2999827 2.99999908 0 P 0
L 2.17499946 48.77500024 2.17499946 48.97499984 0 P 0
L 2.1999829 2.89999928 2.1999829 3.09999888 0 P 0
L 2.40000028 46.60000078 2.59999988 46.60000078 0 P 0
L 2.50000008 46.50000098 2.50000008 46.70000058 0 P 0
L 2.59998972 18.80001066 2.79998932 18.80001066 0 P 0
L 2.59999988 45.20000104 2.79999948 45.20000104 0 P 0
L 2.59999988 45.90000218 2.79999948 45.90000218 0 P 0
L 2.64999978 20.82500026 2.84999938 20.82500026 0 P 0
L 2.69998952 18.70001086 2.69998952 18.90001046 0 P 0
L 2.69999968 45.10000124 2.69999968 45.30000084 0 P 0
L 2.69999968 45.80000238 2.69999968 46.00000198 0 P 0
L 2.69999968 48.74999902 2.89999928 48.74999902 0 P 0
L 2.74999958 20.72500046 2.74999958 20.92500006 0 P 0
L 2.79999948 48.64999922 2.79999948 48.84999882 0 P 0
L 2.89998404 2.99999908 3.09998364 2.99999908 0 P 0
L 2.99998384 2.89999928 2.99998384 3.09999888 0 P 0
L 3.35000092 48.37500104 3.55000052 48.37500104 0 P 0
L 3.45000072 48.27500124 3.45000072 48.47500084 0 P 0
L 3.69998498 2.99999908 3.89998458 2.99999908 0 P 0
L 3.79998478 2.89999928 3.79998478 3.09999888 0 P 0
L 3.84999992 47.8749995 4.04999952 47.8749995 0 P 0
L 3.94999972 47.7749997 3.94999972 47.9749993 0 P 0
L 4.17500054 6.1500004 4.37500014 6.1500004 0 P 0
L 4.19999922 47.2750007 4.39999882 47.2750007 0 P 0
L 4.27500034 6.0500006 4.27500034 6.2500002 0 P 0
L 4.29999902 47.1750009 4.29999902 47.3750005 0 P 0
L 4.39998866 18.80001066 4.59998826 18.80001066 0 P 0
L 4.40000136 45.20000104 4.60000096 45.20000104 0 P 0
L 4.40000136 45.90000218 4.60000096 45.90000218 0 P 0
L 4.40000136 46.60000332 4.60000096 46.60000332 0 P 0
L 4.49998338 2.99999908 4.69998298 2.99999908 0 P 0
L 4.49998846 18.70001086 4.49998846 18.90001046 0 P 0
L 4.50000116 45.10000124 4.50000116 45.30000084 0 P 0
L 4.50000116 45.80000238 4.50000116 46.00000198 0 P 0
L 4.50000116 46.50000352 4.50000116 46.70000312 0 P 0
L 4.59998318 2.89999928 4.59998318 3.09999888 0 P 0
L 5.4700043 13.26250078 5.6700039 13.26250078 0 P 0
L 5.49999916 15.95000112 5.69999876 15.95000112 0 P 0
L 5.5700041 13.16250098 5.5700041 13.36250058 0 P 0
L 5.57500028 24.62500028 5.77499988 24.62500028 0 P 0
L 5.59999896 15.85000132 5.59999896 16.05000092 0 P 0
L 5.67500008 24.52500048 5.67500008 24.72500008 0 P 0
L 6.04000316 9.08600164 6.24000276 9.08600164 0 P 0
L 6.14000296 8.98600184 6.14000296 9.18600144 0 P 0
L 6.1999876 18.80001066 6.3999872 18.80001066 0 P 0
L 6.2000003 20.59999944 6.3999999 20.59999944 0 P 0
L 6.2999874 18.70001086 6.2999874 18.90001046 0 P 0
L 6.3000001 20.49999964 6.3000001 20.69999924 0 P 0
L 7.02499992 9.7749995 7.22499952 9.7749995 0 P 0
L 7.10000104 41.90000002 7.30000064 41.90000002 0 P 0
L 7.10000104 42.49999882 7.30000064 42.49999882 0 P 0
L 7.12499972 9.6749997 7.12499972 9.8749993 0 P 0
L 7.20000084 41.80000022 7.20000084 41.99999982 0 P 0
L 7.20000084 42.39999902 7.20000084 42.59999862 0 P 0
L 7.50000278 36.92500108 7.70000238 36.92500108 0 P 0
L 7.60000258 36.82500128 7.60000258 37.02500088 0 P 0
L 7.99998654 18.80001066 8.19998614 18.80001066 0 P 0
L 7.99998908 27.7999825 8.19998868 27.7999825 0 P 0
L 8.02499792 12.43600256 8.22499752 12.43600256 0 P 0
L 8.04000424 9.08600164 8.24000384 9.08600164 0 P 0
L 8.09998634 18.70001086 8.09998634 18.90001046 0 P 0
L 8.09998888 27.6999827 8.09998888 27.8999823 0 P 0
L 8.10000158 36.92500108 8.30000118 36.92500108 0 P 0
L 8.11819814 13.9681966 8.31819774 13.9681966 0 P 0
L 8.12499772 12.33600276 8.12499772 12.53600236 0 P 0
L 8.14000404 8.98600184 8.14000404 9.18600144 0 P 0
L 8.20000138 36.82500128 8.20000138 37.02500088 0 P 0
L 8.21819794 13.8681968 8.21819794 14.0681964 0 P 0
L 8.70000038 36.92500108 8.89999998 36.92500108 0 P 0
L 8.80000018 36.82500128 8.80000018 37.02500088 0 P 0
L 8.97000238 16.27600504 9.17000198 16.27600504 0 P 0
L 9.07000218 16.17600524 9.07000218 16.37600484 0 P 0
L 9.29999918 36.92500108 9.49999878 36.92500108 0 P 0
L 9.39999898 36.82500128 9.39999898 37.02500088 0 P 0
L 9.75000082 17.92500098 9.95000042 17.92500098 0 P 0
L 9.7749995 20.59999944 9.9749991 20.59999944 0 P 0
L 9.80000072 41.30000122 10.00000032 41.30000122 0 P 0
L 9.80000072 41.90000002 10.00000032 41.90000002 0 P 0
L 9.80000072 42.49999882 10.00000032 42.49999882 0 P 0
L 9.80000072 43.09999762 10.00000032 43.09999762 0 P 0
L 9.85000062 17.82500118 9.85000062 18.02500078 0 P 0
L 9.8749993 20.49999964 9.8749993 20.69999924 0 P 0
L 9.90000052 41.20000142 9.90000052 41.40000102 0 P 0
L 9.90000052 41.80000022 9.90000052 41.99999982 0 P 0
L 9.90000052 42.39999902 9.90000052 42.59999862 0 P 0
L 9.90000052 42.99999782 9.90000052 43.19999742 0 P 0
L 10.15000002 3.55000052 10.34999962 3.55000052 0 P 0
L 10.24999982 3.45000072 10.24999982 3.65000032 0 P 0
L 10.79998602 48.05000042 13.3999859 48.05000042 0 P 0
L 10.82999866 6.63600146 11.02999826 6.63600146 0 P 0
L 10.82999866 11.63600162 11.02999826 11.63600162 0 P 0
L 10.92999846 6.53600166 10.92999846 6.73600126 0 P 0
L 10.92999846 11.53600182 10.92999846 11.73600142 0 P 0
L 11.37500138 10.44999942 11.57500098 10.44999942 0 P 0
L 11.37500138 15.95000112 11.57500098 15.95000112 0 P 0
L 11.47500118 10.34999962 11.47500118 10.54999922 0 P 0
L 11.47500118 15.85000132 11.47500118 16.05000092 0 P 0
L 11.59997426 18.79999796 11.79997386 18.79999796 0 P 0
L 11.59997426 20.5999969 11.79997386 20.5999969 0 P 0
L 11.59997426 22.39999584 11.79997386 22.39999584 0 P 0
L 11.59997426 24.19999478 11.79997386 24.19999478 0 P 0
L 11.69997406 18.69999816 11.69997406 18.89999776 0 P 0
L 11.69997406 20.4999971 11.69997406 20.6999967 0 P 0
L 11.69997406 22.29999604 11.69997406 22.49999564 0 P 0
L 11.69997406 24.09999498 11.69997406 24.29999458 0 P 0
L 12.09998596 46.75000048 12.09998596 49.35000036 0 P 0
L 13.1499991 8.27499742 13.3499987 8.27499742 0 P 0
L 13.1499991 13.27499758 13.3499987 13.27499758 0 P 0
L 13.2499989 8.17499762 13.2499989 8.37499722 0 P 0
L 13.2499989 13.17499778 13.2499989 13.37499738 0 P 0
L 13.99999994 3.99999708 14.49999894 3.99999708 0 P 0
L 13.99999994 4.99999762 14.49999894 4.99999762 0 P 0
L 13.99999994 5.99999816 14.49999894 5.99999816 0 P 0
L 13.99999994 6.9999987 14.49999894 6.9999987 0 P 0
L 13.99999994 7.99999924 14.49999894 7.99999924 0 P 0
L 13.99999994 8.99999978 14.49999894 8.99999978 0 P 0
L 13.99999994 10.00000032 14.49999894 10.00000032 0 P 0
L 13.99999994 10.99999832 14.49999894 10.99999832 0 P 0
L 13.99999994 11.99999886 14.49999894 11.99999886 0 P 0
L 13.99999994 12.9999994 14.49999894 12.9999994 0 P 0
L 13.99999994 13.99999994 14.49999894 13.99999994 0 P 0
L 13.99999994 14.99999794 14.49999894 14.99999794 0 P 0
L 14.24999944 3.74999758 14.24999944 4.24999658 0 P 0
L 14.24999944 4.74999812 14.24999944 5.24999712 0 P 0
L 14.24999944 5.74999866 14.24999944 6.24999766 0 P 0
L 14.24999944 6.7499992 14.24999944 7.2499982 0 P 0
L 14.24999944 7.74999974 14.24999944 8.24999874 0 P 0
L 14.24999944 8.75000028 14.24999944 9.24999928 0 P 0
L 14.24999944 9.75000082 14.24999944 10.24999982 0 P 0
L 14.24999944 10.74999882 14.24999944 11.24999782 0 P 0
L 14.24999944 11.74999936 14.24999944 12.24999836 0 P 0
L 14.24999944 12.7499999 14.24999944 13.2499989 0 P 0
L 14.24999944 13.75000044 14.24999944 14.24999944 0 P 0
L 14.24999944 14.74999844 14.24999944 15.24999744 0 P 0
