UNITS=MM
#Layer_Color=32896
#
#Feature symbol names
#
$0 r9.99998
$1 r49.9999
$2 r19.99996

#
#Feature attribute names
#

#
#Layer features
#
L -0.22501352 4.42999876 -0.22501352 5.93000084 2 P 0
L -0.2499995 10.49999932 0.2499995 10.49999932 0 P 0
L -0.2499995 47.625 -0.2499995 48.37500104 0 P 0
L -0.2999994 30.49999996 0.2999994 30.49999996 1 P 0
L -0.60001404 4.9300003 -0.60001404 5.4299993 2 P 0
L -0.85001354 5.1799998 -0.35001454 5.1799998 2 P 0
L -0.97501456 4.42999876 -0.22501352 4.42999876 2 P 0
L -0.97501456 4.42999876 -0.97501456 5.93000084 2 P 0
L -0.97501456 5.93000084 -0.22501352 5.93000084 2 P 0
L -1.00000054 47.75000102 -1.00000054 48.25000002 0 P 0
L -1.02501192 4.42999876 -1.02501192 5.93000084 2 P 0
L -1.25000004 48.00000052 -0.75000104 48.00000052 0 P 0
L -1.40001244 4.9300003 -1.40001244 5.4299993 2 P 0
L -1.65001194 5.1799998 -1.15001294 5.1799998 2 P 0
L -1.75000158 47.625 -0.2499995 47.625 0 P 0
L -1.75000158 47.625 -1.75000158 48.37500104 0 P 0
L -1.75000158 48.37500104 -0.2499995 48.37500104 0 P 0
L -1.77501296 4.42999876 -1.02501192 4.42999876 2 P 0
L -1.77501296 4.42999876 -1.77501296 5.93000084 2 P 0
L -1.77501296 5.93000084 -1.02501192 5.93000084 2 P 0
L -2.12499956 47.67999862 -2.12499956 49.1800007 2 P 0
L -2.50000008 48.18000016 -2.50000008 48.67999916 2 P 0
L -2.74999958 48.42999966 -2.25000058 48.42999966 2 P 0
L -2.8750006 47.67999862 -2.12499956 47.67999862 2 P 0
L -2.8750006 47.67999862 -2.8750006 49.1800007 2 P 0
L -2.8750006 49.1800007 -2.12499956 49.1800007 2 P 0
L -3.1250001 47.67999862 -3.1250001 49.1800007 0 P 0
L -3.50000062 48.18000016 -3.50000062 48.67999916 0 P 0
L -3.74999504 7.20000084 -3.74999504 7.95000188 0 P 0
L -3.74999758 10.44999942 -3.74999758 11.20000046 0 P 0
L -3.74999758 11.2624997 -3.74999758 12.01250074 0 P 0
L -3.74999758 12.07499998 -3.74999758 12.82500102 0 P 0
L -3.74999758 12.88750026 -3.74999758 13.6375013 0 P 0
L -3.74999758 13.70000054 -3.74999758 14.45000158 2 P 0
L -3.75000012 48.42999966 -3.25000112 48.42999966 0 P 0
L -3.87500114 47.67999862 -3.1250001 47.67999862 0 P 0
L -3.87500114 47.67999862 -3.87500114 49.1800007 0 P 0
L -3.87500114 49.1800007 -3.1250001 49.1800007 0 P 0
L -3.99999962 6.4999997 -3.99999962 14.49999894 0 P 0
L -3.99999962 6.4999997 3.99999962 6.4999997 0 P 0
L -3.99999962 14.49999894 3.99999962 14.49999894 0 P 0
L -4.49999608 7.32500186 -4.49999608 7.82500086 0 P 0
L -4.49999862 10.57500044 -4.49999862 11.07499944 0 P 0
L -4.49999862 11.38750072 -4.49999862 11.88749972 0 P 0
L -4.49999862 12.200001 -4.49999862 12.7 0 P 0
L -4.49999862 13.01250128 -4.49999862 13.51250028 0 P 0
L -4.49999862 13.82500156 -4.49999862 14.32500056 2 P 0
L -4.74999558 7.57500136 -4.24999658 7.57500136 0 P 0
L -4.74999812 10.82499994 -4.24999912 10.82499994 0 P 0
L -4.74999812 11.63750022 -4.24999912 11.63750022 0 P 0
L -4.74999812 12.4500005 -4.24999912 12.4500005 0 P 0
L -4.74999812 13.26250078 -4.24999912 13.26250078 0 P 0
L -4.74999812 14.07500106 -4.24999912 14.07500106 2 P 0
L -5.00000016 45.99999944 -5.00000016 50.0000016 0 P 0
L -5.24999712 7.20000084 -3.74999504 7.20000084 0 P 0
L -5.24999712 7.20000084 -5.24999712 7.95000188 0 P 0
L -5.24999712 7.95000188 -3.74999504 7.95000188 0 P 0
L -5.24999966 10.44999942 -3.74999758 10.44999942 0 P 0
L -5.24999966 10.44999942 -5.24999966 11.20000046 0 P 0
L -5.24999966 11.20000046 -3.74999758 11.20000046 0 P 0
L -5.24999966 11.2624997 -3.74999758 11.2624997 0 P 0
L -5.24999966 11.2624997 -5.24999966 12.01250074 0 P 0
L -5.24999966 12.01250074 -3.74999758 12.01250074 0 P 0
L -5.24999966 12.07499998 -3.74999758 12.07499998 0 P 0
L -5.24999966 12.07499998 -5.24999966 12.82500102 0 P 0
L -5.24999966 12.82500102 -3.74999758 12.82500102 0 P 0
L -5.24999966 12.88750026 -3.74999758 12.88750026 0 P 0
L -5.24999966 12.88750026 -5.24999966 13.6375013 0 P 0
L -5.24999966 13.6375013 -3.74999758 13.6375013 0 P 0
L -5.24999966 13.70000054 -3.74999758 13.70000054 2 P 0
L -5.24999966 13.70000054 -5.24999966 14.45000158 2 P 0
L -5.24999966 14.45000158 -3.74999758 14.45000158 2 P 0
L -6.22501422 4.42999876 -6.22501422 5.93000084 2 P 0
L -6.60001474 4.9300003 -6.60001474 5.4299993 2 P 0
L -6.62500072 6.7499992 -6.62500072 8.25000128 2 P 0
L -6.62500072 8.24999874 -6.62500072 9.75000082 0 P 0
L -6.7499992 10.99999832 -6.7499992 15.00000048 1 P 0
L -6.85001424 5.1799998 -6.35001524 5.1799998 2 P 0
L -6.97501526 4.42999876 -6.22501422 4.42999876 2 P 0
L -6.97501526 4.42999876 -6.97501526 5.93000084 2 P 0
L -6.97501526 5.93000084 -6.22501422 5.93000084 2 P 0
L -7.00000124 7.25000074 -7.00000124 7.74999974 2 P 0
L -7.00000124 8.75000028 -7.00000124 9.24999928 0 P 0
L -7.00000124 47.75000102 -7.00000124 48.25000002 0 P 0
L -7.2499982 4.37500014 -7.2499982 5.12500118 2 P 0
L -7.25000074 5.37500068 -7.25000074 6.62500072 0 P 0
L -7.25000074 7.50000024 -6.75000174 7.50000024 2 P 0
L -7.25000074 8.99999978 -6.75000174 8.99999978 0 P 0
L -7.25000074 48.00000052 -6.75000174 48.00000052 0 P 0
L -7.37500176 6.7499992 -6.62500072 6.7499992 2 P 0
L -7.37500176 6.7499992 -7.37500176 8.25000128 2 P 0
L -7.37500176 8.24999874 -6.62500072 8.24999874 0 P 0
L -7.37500176 8.24999874 -7.37500176 9.75000082 0 P 0
L -7.37500176 8.25000128 -6.62500072 8.25000128 2 P 0
L -7.37500176 9.75000082 -6.62500072 9.75000082 0 P 0
L -7.99999924 4.50000116 -7.99999924 5.00000016 2 P 0
L -8.24999874 4.75000066 -7.74999974 4.75000066 2 P 0
L -8.50000078 5.7500012 -8.50000078 6.2500002 0 P 0
L -8.50000078 7.00000124 -8.50000078 10.00000032 0 P 0
L -8.75000028 4.37500014 -7.2499982 4.37500014 2 P 0
L -8.75000028 4.37500014 -8.75000028 5.12500118 2 P 0
L -8.75000028 5.12500118 -7.2499982 5.12500118 2 P 0
L -8.75000028 6.0000007 -8.25000128 6.0000007 0 P 0
L -8.75000028 10.99999832 -6.7499992 10.99999832 1 P 0
L -8.75000028 10.99999832 -8.75000028 15.00000048 1 P 0
L -8.75000028 15.00000048 -6.7499992 15.00000048 1 P 0
L -9.00000232 45.99999944 -5.00000016 45.99999944 0 P 0
L -9.00000232 45.99999944 -9.00000232 50.0000016 0 P 0
L -9.00000232 50.0000016 -5.00000016 50.0000016 0 P 0
L -9.66500734 15.12499896 -9.66500734 15.875 2 P 0
L -9.70500726 10.99999832 -9.70500726 15.00000048 0 P 0
L -9.75000082 5.37500068 -7.25000074 5.37500068 0 P 0
L -9.75000082 5.37500068 -9.75000082 6.62500072 0 P 0
L -9.75000082 6.62500072 -7.25000074 6.62500072 0 P 0
L -10.00000032 8.25000128 -10.00000032 8.75000028 0 P 0
L -10.24999982 5.37500068 -10.24999982 6.62500072 0 P 0
L -10.24999982 8.50000078 -9.75000082 8.50000078 0 P 0
L -10.41500838 15.24999998 -10.41500838 15.74999898 2 P 0
L -10.66500788 15.49999948 -10.16500888 15.49999948 2 P 0
L -11.16500942 15.12499896 -9.66500734 15.12499896 2 P 0
L -11.16500942 15.12499896 -11.16500942 15.875 2 P 0
L -11.16500942 15.875 -9.66500734 15.875 2 P 0
L -11.49999986 5.7500012 -11.49999986 6.2500002 0 P 0
L -11.49999986 7.00000124 -8.50000078 7.00000124 0 P 0
L -11.49999986 7.00000124 -11.49999986 10.00000032 0 P 0
L -11.49999986 10.00000032 -8.50000078 10.00000032 0 P 0
L -11.5050062 12.7499999 -11.5050062 13.2499989 0 P 0
L -11.74999936 6.0000007 -11.25000036 6.0000007 0 P 0
L -11.7550057 12.9999994 -11.2550067 12.9999994 0 P 0
L -11.84500298 15.12499896 -11.84500298 15.875 2 P 0
L -11.87499784 8.24999874 -11.87499784 9.75000082 0 P 0
L -11.87500038 6.7499992 -11.87500038 8.25000128 2 P 0
L -12.24999836 8.75000028 -12.24999836 9.24999928 0 P 0
L -12.2500009 7.25000074 -12.2500009 7.74999974 2 P 0
L -12.49999786 8.99999978 -11.99999886 8.99999978 0 P 0
L -12.5000004 7.50000024 -12.0000014 7.50000024 2 P 0
L -12.59500402 15.24999998 -12.59500402 15.74999898 2 P 0
L -12.62499888 8.24999874 -11.87499784 8.24999874 0 P 0
L -12.62499888 8.24999874 -12.62499888 9.75000082 0 P 0
L -12.62499888 9.75000082 -11.87499784 9.75000082 0 P 0
L -12.62500142 6.7499992 -11.87500038 6.7499992 2 P 0
L -12.62500142 6.7499992 -12.62500142 8.25000128 2 P 0
L -12.62500142 8.25000128 -11.87500038 8.25000128 2 P 0
L -12.62500142 8.25000128 -12.62500142 9.75000336 0 P 0
L -12.7499999 5.37500068 -10.24999982 5.37500068 0 P 0
L -12.7499999 5.37500068 -12.7499999 6.62500072 0 P 0
L -12.7499999 6.62500072 -10.24999982 6.62500072 0 P 0
L -12.84500352 15.49999948 -12.34500452 15.49999948 2 P 0
L -13.00000194 8.75000282 -13.00000194 9.25000182 0 P 0
L -13.25000144 9.00000232 -12.75000244 9.00000232 0 P 0
L -13.30500514 10.99999832 -9.70500726 10.99999832 0 P 0
L -13.30500514 10.99999832 -13.30500514 15.00000048 0 P 0
L -13.30500514 15.00000048 -9.70500726 15.00000048 0 P 0
L -13.34500506 15.12499896 -11.84500298 15.12499896 2 P 0
L -13.34500506 15.12499896 -13.34500506 15.875 2 P 0
L -13.34500506 15.875 -11.84500298 15.875 2 P 0
L -13.37500246 8.25000128 -12.62500142 8.25000128 0 P 0
L -13.37500246 8.25000128 -13.37500246 9.75000336 0 P 0
L -13.37500246 9.75000336 -12.62500142 9.75000336 0 P 0
L -14.097 16.40299996 -14.097 44.59699996 1 P 0
L -14.097 16.40299996 14.097 16.40299996 1 P 0
L 0 10.24999982 0 10.74999882 0 P 0
L 0 30.20000056 0 30.79999936 1 P 0
L 0.12499848 47.67999862 0.12499848 49.1800007 2 P 0
L 0.12499848 47.67999862 0.87499952 47.67999862 2 P 0
L 0.12499848 49.1800007 0.87499952 49.1800007 2 P 0
L 0.2499995 48.42999966 0.7499985 48.42999966 2 P 0
L 0.499999 48.18000016 0.499999 48.67999916 2 P 0
L 0.87499952 47.67999862 0.87499952 49.1800007 2 P 0
L 1.02498398 4.42999876 1.02498398 5.93000084 2 P 0
L 1.02498398 4.42999876 1.77498502 4.42999876 2 P 0
L 1.02498398 5.93000084 1.77498502 5.93000084 2 P 0
L 1.12499902 47.67999862 1.12499902 49.1800007 0 P 0
L 1.12499902 47.67999862 1.87500006 47.67999862 0 P 0
L 1.12499902 49.1800007 1.87500006 49.1800007 0 P 0
L 1.149985 5.1799998 1.649984 5.1799998 2 P 0
L 1.25000004 48.42999966 1.74999904 48.42999966 0 P 0
L 1.3999845 4.9300003 1.3999845 5.4299993 2 P 0
L 1.49999954 48.18000016 1.49999954 48.67999916 0 P 0
L 1.77498502 4.42999876 1.77498502 5.93000084 2 P 0
L 1.82498238 4.42999876 1.82498238 5.93000084 2 P 0
L 1.82498238 4.42999876 2.57498342 4.42999876 2 P 0
L 1.82498238 5.93000084 2.57498342 5.93000084 2 P 0
L 1.87500006 47.67999862 1.87500006 49.1800007 0 P 0
L 1.9499834 5.1799998 2.4499824 5.1799998 2 P 0
L 2.1999829 4.9300003 2.1999829 5.4299993 2 P 0
L 2.57498342 4.42999876 2.57498342 5.93000084 2 P 0
L 2.62498332 4.42999876 2.62498332 5.93000084 2 P 0
L 2.62498332 4.42999876 3.37498436 4.42999876 2 P 0
L 2.62498332 5.93000084 3.37498436 5.93000084 2 P 0
L 2.74998434 5.1799998 3.24998334 5.1799998 2 P 0
L 2.99998384 4.9300003 2.99998384 5.4299993 2 P 0
L 3.37498436 4.42999876 3.37498436 5.93000084 2 P 0
L 3.6950015 7.90499816 3.6950015 9.40500024 2 P 0
L 3.6950015 7.90499816 4.44500254 7.90499816 2 P 0
L 3.6950015 9.40500024 4.44500254 9.40500024 2 P 0
L 3.75000012 9.69999838 3.75000012 10.44999942 2 P 0
L 3.75000012 9.69999838 5.2500022 9.69999838 2 P 0
L 3.75000012 10.44999942 3.75000012 11.20000046 2 P 0
L 3.75000012 10.44999942 5.2500022 10.44999942 2 P 0
L 3.75000012 10.44999942 5.2500022 10.44999942 2 P 0
L 3.75000012 11.20000046 5.2500022 11.20000046 2 P 0
L 3.75000012 11.2624997 3.75000012 12.01250074 2 P 0
L 3.75000012 11.2624997 5.2500022 11.2624997 2 P 0
L 3.75000012 12.01250074 5.2500022 12.01250074 2 P 0
L 3.75000012 12.07499998 3.75000012 12.82500102 2 P 0
L 3.75000012 12.07499998 5.2500022 12.07499998 2 P 0
L 3.75000012 12.82500102 5.2500022 12.82500102 2 P 0
L 3.75000012 12.88750026 3.75000012 13.6375013 0 P 0
L 3.75000012 12.88750026 5.2500022 12.88750026 0 P 0
L 3.75000012 13.6375013 5.2500022 13.6375013 0 P 0
L 3.82000252 8.6549992 4.32000152 8.6549992 2 P 0
L 3.99999962 6.4999997 3.99999962 14.49999894 0 P 0
L 4.07000202 8.4049997 4.07000202 8.9049987 2 P 0
L 4.25000166 10.0749989 4.75000066 10.0749989 2 P 0
L 4.25000166 10.82499994 4.75000066 10.82499994 2 P 0
L 4.25000166 11.63750022 4.75000066 11.63750022 2 P 0
L 4.25000166 12.4500005 4.75000066 12.4500005 2 P 0
L 4.25000166 13.26250078 4.75000066 13.26250078 0 P 0
L 4.44500254 7.90499816 4.44500254 9.40500024 2 P 0
L 4.50000116 9.8249994 4.50000116 10.3249984 2 P 0
L 4.50000116 10.57500044 4.50000116 11.07499944 2 P 0
L 4.50000116 11.38750072 4.50000116 11.88749972 2 P 0
L 4.50000116 12.200001 4.50000116 12.7 2 P 0
L 4.50000116 13.01250128 4.50000116 13.51250028 0 P 0
L 4.74999812 5.51100244 4.74999812 6.26100348 0 P 0
L 4.74999812 5.51100244 6.2500002 5.51100244 0 P 0
L 4.74999812 6.26100094 4.74999812 7.01100198 2 P 0
L 4.74999812 6.26100094 6.2500002 6.26100094 2 P 0
L 4.74999812 6.26100348 6.2500002 6.26100348 0 P 0
L 4.74999812 7.01100198 4.74999812 7.76100302 0 P 0
L 4.74999812 7.01100198 6.2500002 7.01100198 0 P 0
L 4.74999812 7.01100198 6.2500002 7.01100198 2 P 0
L 4.74999812 7.76100302 6.2500002 7.76100302 0 P 0
L 4.90000036 7.8860015 4.90000036 9.38600358 0 P 0
L 4.90000036 7.8860015 6.1000005 7.8860015 0 P 0
L 4.90000036 9.38600358 6.1000005 9.38600358 0 P 0
L 5.24999966 5.88600296 5.74999866 5.88600296 0 P 0
L 5.24999966 6.63600146 5.74999866 6.63600146 2 P 0
L 5.24999966 7.3860025 5.74999866 7.3860025 0 P 0
L 5.24999966 8.63600254 5.74999866 8.63600254 0 P 0
L 5.2500022 9.69999838 5.2500022 10.44999942 2 P 0
L 5.2500022 10.44999942 5.2500022 11.20000046 2 P 0
L 5.2500022 11.2624997 5.2500022 12.01250074 2 P 0
L 5.2500022 12.07499998 5.2500022 12.82500102 2 P 0
L 5.2500022 12.88750026 5.2500022 13.6375013 0 P 0
L 5.49999916 5.63600346 5.49999916 6.13600246 0 P 0
L 5.49999916 6.38600196 5.49999916 6.88600096 2 P 0
L 5.49999916 7.136003 5.49999916 7.636002 0 P 0
L 5.49999916 8.38600304 5.49999916 8.88600204 0 P 0
L 6.1000005 7.8860015 6.1000005 9.38600358 0 P 0
L 6.2500002 5.51100244 6.2500002 6.26100348 0 P 0
L 6.2500002 6.26100094 6.2500002 7.01100198 2 P 0
L 6.2500002 7.01100198 6.2500002 7.76100302 0 P 0
L 6.7499992 5.51100244 6.7499992 6.26100348 0 P 0
L 6.7499992 5.51100244 8.25000128 5.51100244 0 P 0
L 6.7499992 6.26100094 6.7499992 7.01100198 2 P 0
L 6.7499992 6.26100094 8.25000128 6.26100094 2 P 0
L 6.7499992 6.26100348 8.25000128 6.26100348 0 P 0
L 6.7499992 7.01100198 6.7499992 7.76100302 0 P 0
L 6.7499992 7.01100198 8.25000128 7.01100198 2 P 0
L 6.7499992 7.01100198 8.25000128 7.01100198 0 P 0
L 6.7499992 7.76100302 8.25000128 7.76100302 0 P 0
L 6.90000144 7.8860015 6.90000144 9.38600358 0 P 0
L 6.90000144 7.8860015 8.10000158 7.8860015 0 P 0
L 6.90000144 9.38600358 8.10000158 9.38600358 0 P 0
L 7.25000074 5.88600296 7.74999974 5.88600296 0 P 0
L 7.25000074 6.63600146 7.74999974 6.63600146 2 P 0
L 7.25000074 7.3860025 7.74999974 7.3860025 0 P 0
L 7.25000074 8.63600254 7.74999974 8.63600254 0 P 0
L 7.50000024 5.63600346 7.50000024 6.13600246 0 P 0
L 7.50000024 6.38600196 7.50000024 6.88600096 2 P 0
L 7.50000024 7.136003 7.50000024 7.636002 0 P 0
L 7.50000024 8.38600304 7.50000024 8.88600204 0 P 0
L 8.10000158 7.8860015 8.10000158 9.38600358 0 P 0
L 8.25000128 5.51100244 8.25000128 6.26100348 0 P 0
L 8.25000128 6.26100094 8.25000128 7.01100198 2 P 0
L 8.25000128 7.01100198 8.25000128 7.76100302 0 P 0
L 8.74999774 5.51100244 8.74999774 6.26100348 2 P 0
L 8.74999774 5.51100244 10.24999982 5.51100244 2 P 0
L 8.74999774 6.26100094 8.74999774 7.01100198 0 P 0
L 8.74999774 6.26100094 10.24999982 6.26100094 0 P 0
L 8.74999774 6.26100348 10.24999982 6.26100348 2 P 0
L 8.74999774 7.01100198 10.24999982 7.01100198 0 P 0
L 8.74999774 9.51100206 8.74999774 10.2610031 0 P 0
L 8.74999774 9.51100206 10.24999982 9.51100206 0 P 0
L 8.74999774 10.2610031 10.24999982 10.2610031 0 P 0
L 8.74999774 10.5110026 8.74999774 11.26100364 2 P 0
L 8.74999774 10.5110026 10.24999982 10.5110026 2 P 0
L 8.74999774 11.2610011 8.74999774 12.01100214 0 P 0
L 8.74999774 11.2610011 10.24999982 11.2610011 0 P 0
L 8.74999774 11.26100364 10.24999982 11.26100364 2 P 0
L 8.74999774 12.01100214 10.24999982 12.01100214 0 P 0
L 8.74999774 13.76100118 8.74999774 14.51100222 0 P 0
L 8.74999774 13.76100118 10.24999982 13.76100118 0 P 0
L 8.74999774 14.51100222 8.74999774 15.26100326 2 P 0
L 8.74999774 14.51100222 10.24999982 14.51100222 0 P 0
L 8.74999774 14.51100222 10.24999982 14.51100222 2 P 0
L 8.74999774 15.26100326 10.24999982 15.26100326 2 P 0
L 8.75000028 7.01100198 8.75000028 7.76100302 0 P 0
L 8.75000028 7.01100198 10.25000236 7.01100198 0 P 0
L 8.75000028 7.76100302 10.25000236 7.76100302 0 P 0
L 8.75000028 15.26100072 8.75000028 16.01100176 0 P 0
L 8.75000028 15.26100072 10.25000236 15.26100072 0 P 0
L 8.75000028 16.01100176 10.25000236 16.01100176 0 P 0
L 8.89999998 7.8860015 8.89999998 9.38600358 0 P 0
L 8.89999998 7.8860015 10.10000012 7.8860015 0 P 0
L 8.89999998 9.38600358 10.10000012 9.38600358 0 P 0
L 8.89999998 12.13600062 8.89999998 13.6360027 0 P 0
L 8.89999998 12.13600062 10.10000012 12.13600062 0 P 0
L 8.89999998 13.6360027 10.10000012 13.6360027 0 P 0
L 9.24999928 5.88600296 9.74999828 5.88600296 2 P 0
L 9.24999928 6.63600146 9.74999828 6.63600146 0 P 0
L 9.24999928 8.63600254 9.74999828 8.63600254 0 P 0
L 9.24999928 9.88600258 9.74999828 9.88600258 0 P 0
L 9.24999928 10.88600312 9.74999828 10.88600312 2 P 0
L 9.24999928 11.63600162 9.74999828 11.63600162 0 P 0
L 9.24999928 12.88600166 9.74999828 12.88600166 0 P 0
L 9.24999928 14.1360017 9.74999828 14.1360017 0 P 0
L 9.24999928 14.88600274 9.74999828 14.88600274 2 P 0
L 9.25000182 7.3860025 9.75000082 7.3860025 0 P 0
L 9.25000182 15.63600124 9.75000082 15.63600124 0 P 0
L 9.49999878 5.63600346 9.49999878 6.13600246 2 P 0
L 9.49999878 6.38600196 9.49999878 6.88600096 0 P 0
L 9.49999878 8.38600304 9.49999878 8.88600204 0 P 0
L 9.49999878 9.63600308 9.49999878 10.13600208 0 P 0
L 9.49999878 10.63600362 9.49999878 11.13600262 2 P 0
L 9.49999878 11.38600212 9.49999878 11.88600112 0 P 0
L 9.49999878 12.63600216 9.49999878 13.13600116 0 P 0
L 9.49999878 13.8860022 9.49999878 14.3860012 0 P 0
L 9.49999878 14.63600324 9.49999878 15.13600224 2 P 0
L 9.50000132 7.136003 9.50000132 7.636002 0 P 0
L 9.50000132 15.38600174 9.50000132 15.88600074 0 P 0
L 10.10000012 7.8860015 10.10000012 9.38600358 0 P 0
L 10.10000012 12.13600062 10.10000012 13.6360027 0 P 0
L 10.24999982 5.51100244 10.24999982 6.26100348 2 P 0
L 10.24999982 6.26100094 10.24999982 7.01100198 0 P 0
L 10.24999982 9.51100206 10.24999982 10.2610031 0 P 0
L 10.24999982 10.5110026 10.24999982 11.26100364 2 P 0
L 10.24999982 11.2610011 10.24999982 12.01100214 0 P 0
L 10.24999982 13.76100118 10.24999982 14.51100222 0 P 0
L 10.24999982 14.51100222 10.24999982 15.26100326 2 P 0
L 10.25000236 7.01100198 10.25000236 7.76100302 0 P 0
L 10.25000236 15.26100072 10.25000236 16.01100176 0 P 0
L 11.33499638 7.8999969 11.33499638 8.64999794 0 P 0
L 11.33499638 7.8999969 12.83499846 7.8999969 0 P 0
L 11.33499638 8.64999794 12.83499846 8.64999794 0 P 0
L 11.33499638 12.89999706 11.33499638 13.6499981 0 P 0
L 11.33499638 12.89999706 12.83499846 12.89999706 0 P 0
L 11.33499638 13.6499981 12.83499846 13.6499981 0 P 0
L 11.83499792 8.27499742 12.33499692 8.27499742 0 P 0
L 11.83499792 13.27499758 12.33499692 13.27499758 0 P 0
L 12.08499742 8.02499792 12.08499742 8.52499692 0 P 0
L 12.08499742 13.02499808 12.08499742 13.52499708 0 P 0
L 12.83499846 7.8999969 12.83499846 8.64999794 0 P 0
L 12.83499846 12.89999706 12.83499846 13.6499981 0 P 0
L 14.097 16.40299996 14.097 44.59699996 1 P 0
